time,accelX,accelY,accelZ,gyroX,gyroY,gyroZ,phi,theta,psi,velocityX,velocityY,pressure,temperature,baroAlt,rangeFwd,rangeDown
1.1250488758087158,0.0,0.0,-9.7,0,0,0,0,0,-2,-0.8,-1.2,98621.65625,-1.32305908203125,337.28125,86,-1000
1.1692771911621094,-0.1,0.0,-9.7,0,0,0,0,0,-2,-0.8,-1.2,98621.953125,-1.3055648803710938,337.255859375,93,-1000
1.2132768630981445,0.0,0.0,-9.8,0,0,0,0,0,-2,-0.8,-1.2,98621.640625,-1.3055648803710938,337.2822265625,93,-1000
1.2568118572235107,0.1,0.0,-9.8,0,0,0,0,0,-2,-0.8,-1.2,98621.828125,-1.2945632934570312,337.267578125,97,-1000
1.2997689247131348,0.0,0.1,-9.8,0,0,0,0,0,-2,-0.8,-1.2,98621.828125,-1.2945632934570312,337.267578125,92,-1000
1.3436262607574463,0.0,0.0,-9.8,0,0,0,0,0,-2,-0.8,-1.2,98621.5859375,-1.277069091796875,337.2880859375,88,-1000
1.3876171112060547,0.0,0.0,-9.8,0,0,0,0,0,-2,-0.8,-1.2,98621.5859375,-1.277069091796875,337.2880859375,92,-1000
1.4321227073669434,0.0,0.0,-9.8,0,0,0,0,0,-2,-0.8,-1.2,98621.203125,-1.277069091796875,337.3203125,89,-1000
1.4753525257110596,0.0,0.0,-9.8,0,0,0,0,0,-2,-0.8,-1.2,98621.3359375,-1.2690658569335938,337.30859375,99,-1000
1.51914644241333,0.0,0.0,-9.8,0,0,0,0,0,-2,-0.8,-1.2,98620.796875,-1.2690658569335938,337.35546875,88,-1000
1.563154935836792,0.0,0.0,-9.8,0,0,0,0,0,-2,-0.8,-1.2,98621.0625,-1.2530670166015625,337.33203125,91,-1000
1.6072111129760742,0.0,0.0,-9.8,0,0,0,0,0,-2,-0.8,-1.2,98620.984375,-1.2530670166015625,337.337890625,85,-1000
1.6509242057800293,0.0,0.0,-9.7,0,0,0,0,0,-2,-0.8,-1.2,98620.984375,-1.2530670166015625,337.337890625,94,-1000
1.6950068473815918,0.0,0.0,-9.8,0,0,0,0,0,-2,-0.8,-1.2,98621.3359375,-1.232574462890625,337.30859375,86,-1000
1.738588809967041,0.0,0.0,-9.8,0,0,0,0,0,-2,-0.8,-1.2,98621.0234375,-1.232574462890625,337.3359375,94,-1000
1.7825474739074707,0.0,0.0,-9.8,0,0,0,0,0,-2,-0.8,-1.2,98621.1171875,-1.2270736694335938,337.328125,100,-1000
1.8262808322906494,0.0,0.0,-9.7,0,0,0,0,0,-2,-0.8,-1.2,98620.734375,-1.2270736694335938,337.361328125,92,-1000
1.8703539371490479,0.0,0.0,-9.8,0,0,0,0,0,-2,-0.8,-1.2,98620.734375,-1.2270736694335938,337.361328125,85,-1000
1.9143340587615967,0.0,0.0,-9.8,0,0,0,0,0,-2,-0.8,-1.2,98620.59375,-1.2170791625976562,337.3720703125,98,-1000
1.9581477642059326,0.0,0.0,-9.8,0,0,0,0,0,-2,-0.8,-1.2,98620.59375,-1.2170791625976562,337.3720703125,99,-1000
2.002030611038208,0.0,0.0,-9.8,0,0,0,0,0,-2,-0.8,-1.2,98620.9296875,-1.19708251953125,337.3447265625,93,-1000
2.0459117889404297,0.0,0.0,-9.7,0,0,0,0,0,-2,-0.8,-1.2,98620.703125,-1.19708251953125,337.36328125,88,-1000
2.089930772781372,0.0,0.0,-9.8,0,0,0,0,0,-2,-0.8,-1.2,98620.9140625,-1.1845855712890625,337.345703125,87,-1000
2.1336236000061035,0.0,0.0,-9.7,0,0,0,0,0,-2,-0.8,-1.2,98620.9140625,-1.1845855712890625,337.345703125,97,-1000
2.177626371383667,0.0,0.0,-9.7,0,0,0,0,0,-2,-0.8,-1.2,98621.09375,-1.1740798950195312,337.330078125,91,-1000
2.221677303314209,0.0,0.0,-9.8,0,0,0,0,0,-2,-0.8,-1.2,98621.09375,-1.1740798950195312,337.330078125,91,-1000
2.2656445503234863,0.0,0.0,-9.8,0,0,0,0,0,-2,-0.8,-1.2,98620.3984375,-1.1740798950195312,337.390625,80,-1000
2.3091681003570557,0.0,0.0,-9.8,0,0,0,0,0,-2,-0.8,-1.2,98620.6953125,-1.156585693359375,337.365234375,83,-1000
2.3091681003570557,0.0,0.0,-9.8,0,0,0,0,0,-2,-0.8,-1.2,98620.4609375,-1.156585693359375,337.384765625,83,-1000
2.3972432613372803,0.0,0.0,-9.8,0,0,0,0,0,-2,-0.8,-1.2,98620.6953125,-1.1425857543945312,337.365234375,93,-1000
2.440715789794922,0.0,0.0,-9.8,0,0,0,0,0,-2,-0.8,-1.2,98620.6953125,-1.1425857543945312,337.365234375,89,-1000
2.484563112258911,0.0,0.0,-9.8,0,0,0,0,0,-2,-0.8,-1.2,98620.3125,-1.1425857543945312,337.396484375,90,-1000
2.5284159183502197,0.0,0.0,-9.8,0,0,0,0,0,-2,-0.8,-1.2,98620.515625,-1.1305923461914062,337.380859375,86,-1000
2.5723800659179688,0.0,0.0,-9.8,0,0,0,0,0,-2,-0.8,-1.2,98620.359375,-1.1305923461914062,337.392578125,87,-1000
2.61627459526062,0.0,0.0,-9.8,0,0,0,0,0,-2,-0.8,-1.2,98620.59375,-1.117095947265625,337.3720703125,92,-1000
2.6598145961761475,0.0,0.0,-9.7,0,0,0,0,0,-2,-0.8,-1.2,98620.2109375,-1.117095947265625,337.404296875,85,-1000
2.703669309616089,0.0,0.0,-9.8,0,0,0,0,0,-2,-0.8,-1.2,98620.4609375,-1.1020965576171875,337.384765625,92,-1000
2.747314691543579,0.0,0.0,-9.7,0,0,0,0,0,-2,-0.8,-1.2,98620.2265625,-1.1020965576171875,337.404296875,96,-1000
2.791306495666504,0.0,0.0,-9.8,0,0,0,0,0,-2,-0.8,-1.2,98620.2265625,-1.1020965576171875,337.404296875,94,-1000
2.8351287841796875,0.0,0.0,-9.7,0,0,0,0,0,-2,-0.8,-1.2,98620.4375,-1.0901031494140625,337.3857421875,84,-1000
2.8790392875671387,0.0,0.0,-9.7,0,0,0,0,0,-2,-0.8,-1.2,98620.125,-1.0901031494140625,337.4140625,85,-1000
2.9229559898376465,0.0,0.0,-9.8,0,0,0,0,0,-2,-0.8,-1.2,98620.40625,-1.0731048583984375,337.388671875,89,-1000
2.9668333530426025,0.0,0.0,-9.8,0,0,0,0,0,-2,-0.8,-1.2,98620.40625,-1.0731048583984375,337.388671875,90,-1000
3.010725259780884,0.0,0.0,-9.8,0,0,0,0,0,-2,-0.8,-1.2,98620.40625,-1.0731048583984375,337.388671875,95,-1000
3.0545763969421387,0.0,0.0,-9.8,0,0,0,0,0,-2,-0.8,-1.2,98620.5859375,-1.0631027221679688,337.373046875,99,-1000
3.098414421081543,0.0,0.0,-9.7,0,0,0,0,0,-2,-0.8,-1.2,98620.2734375,-1.0631027221679688,337.3984375,87,-1000
3.1423935890197754,0.0,0.0,-9.8,0,0,0,0,0,-2,-0.8,-1.2,98620.390625,-1.0561065673828125,337.388671875,90,-1000
3.186192274093628,0.0,0.0,-9.8,0,0,0,0,0,-2,-0.8,-1.2,98620.0859375,-1.0561065673828125,337.416015625,90,-1000
3.230196952819824,0.0,0.0,-9.8,0,0,0,0,0,-2,-0.8,-1.2,98620.296875,-1.043609619140625,337.3974609375,95,-1000
3.2744486331939697,0.0,0.0,-9.7,0,0,0,0,0,-2,-0.8,-1.2,98620.296875,-1.043609619140625,337.3974609375,89,-1000
3.31797456741333,0.0,0.0,-9.8,0,0,0,0,0,-2,-0.8,-1.2,98620.265625,-1.026611328125,337.400390625,94,-1000
3.361908435821533,0.0,0.0,-9.8,0,0,0,0,0,-2,-0.8,-1.2,98620.265625,-1.026611328125,337.400390625,93,-1000
3.4057183265686035,0.0,0.0,-9.8,0,0,0,0,0,-2,-0.8,-1.2,98620.265625,-1.026611328125,337.400390625,99,-1000
3.44968318939209,0.0,0.0,-9.7,0,0,0,0,0,-2,-0.8,-1.2,98620.3671875,-1.0211105346679688,337.392578125,93,-1000
3.4936740398406982,0.0,0.0,-9.8,0,0,0,0,0,-2,-0.8,-1.2,98620.3671875,-1.0211105346679688,337.392578125,91,-1000
3.5374972820281982,0.0,0.0,-9.8,0,0,0,0,0,-2,-0.8,-1.2,98620.1015625,-1.01361083984375,337.416015625,86,-1000
3.5815539360046387,-0.4,0.2,-9.6,0,0,6,0,0,-2,-0.8,-1.2,98620.1015625,-1.01361083984375,337.416015625,90,-1000
3.625332832336426,-0.1,-0.2,-9.7,0,0,0,0,0,-2,-0.8,-1.2,98619.5703125,-1.01361083984375,337.4609375,94,-1000
3.669145345687866,0.0,0.0,-9.7,0,0,-3,0,0,-2,-0.8,-1.2,98619.5703125,-1.01361083984375,337.4609375,93,-1000
3.7138335704803467,0.0,0.1,-9.8,0,0,0,0,0,-2,-0.8,-1.2,98619.5,-0.9996185302734375,337.466796875,92,-1000
3.7570178508758545,0.0,0.1,-9.8,0,0,-3,0,0,-2,-0.8,-1.2,98619.5625,-0.9961166381835938,337.4619140625,96,-1000
3.800734043121338,0.0,0.0,-9.7,0,0,-1,0,0,-2,-0.8,-1.2,98619.5625,-0.9961166381835938,337.4619140625,93,-1000
3.8452653884887695,0.1,-0.2,-9.9,0,-1,1,0,0,-2,-0.8,-1.2,98619.5625,-0.9961166381835938,337.4619140625,97,-1000
3.888559341430664,0.0,-0.2,-10.1,4,-4,1,0,0,-2,-0.8,-1.2,98619.3828125,-0.9796218872070312,337.4765625,82,-1000
3.9325337409973145,0.0,0.2,-9.9,10,-20,0,0,0,-2,-0.8,-1.2,98619.3828125,-0.9796218872070312,337.4765625,82,-1000
3.976478338241577,-0.8,0.1,-9.9,7,-40,2,0,-2,-2,-0.8,-1.2,98619.5390625,-0.970123291015625,337.462890625,81,-1000
4.020256757736206,0.1,-0.2,-10.9,-8,7,10,0,-3,-1,-0.8,-1.2,98619.3046875,-0.970123291015625,337.4833984375,83,-1000
4.064179420471191,-0.4,0.1,-10.2,-12,31,0,0,-2,-1,-0.8,-1.2,98619.3046875,-0.970123291015625,337.4833984375,100,-1000
4.108025789260864,-0.2,0.0,-9.4,-22,15,4,0,-1,-1,-0.1,15.0,98619.265625,-0.9586257934570312,337.4873046875,111,-1000
4.151524066925049,0.0,0.2,-10.1,-18,26,2,-1,0,-1,2.4,27.5,98619.265625,-0.9586257934570312,337.4873046875,9999,-1000
4.195566177368164,0.0,0.2,-10.1,-18,26,2,-1,0,-1,2.4,27.5,98619.484375,-0.9461288452148438,337.4677734375,9999,-1000
4.2392988204956055,0.5,0.4,-10.0,-19,32,4,-3,2,-1,9.9,10.8,98619.1015625,-0.9461288452148438,337.5,9999,-1000
4.282994031906128,0.9,0.7,-10.2,-2,65,6,-3,4,-1,23.4,9.3,98619.34375,-0.9316329956054688,337.478515625,9999,-1000
4.326981544494629,0.9,0.5,-9.6,0,56,7,-3,7,-1,24.8,0.8,98619.1171875,-0.9316329956054688,337.5,9999,-1000
4.370795726776123,1.5,0.5,-9.1,10,63,4,-3,9,0,28.7,2.5,98619.34375,-0.9181289672851562,337.478515625,9999,-1000
4.414692640304565,1.6,0.4,-9.2,17,40,3,-2,11,0,22.2,0.9,98619.34375,-0.9181289672851562,337.478515625,9999,-1000
4.458620309829712,1.7,0.1,-8.6,11,67,11,-2,14,0,17.8,-0.5,98618.8046875,-0.9181289672851562,337.525390625,9999,-1000
4.502533674240112,3.0,0.4,-9.2,14,24,3,-1,15,0,8.0,-1.6,98618.9140625,-0.9116363525390625,337.517578125,9999,-1000
4.546653747558594,2.7,0.2,-9.2,11,30,0,0,17,0,14.5,-0.1,98618.4453125,-0.9116363525390625,337.556640625,9999,-1000
4.590613842010498,3.3,0.0,-8.9,12,37,-4,0,18,0,15.1,0.8,98618.859375,-0.8871383666992188,337.521484375,9999,-1000
4.634589910507202,3.0,-0.2,-8.3,14,38,-3,0,20,0,16.9,0.5,98618.859375,-0.8871383666992188,337.521484375,9999,-1000
4.678544998168945,3.3,-0.1,-9.0,14,32,1,0,22,0,15.3,-1.1,98618.515625,-0.8801422119140625,337.5498046875,9999,-1000
4.722413063049316,3.8,-0.2,-8.4,7,25,0,1,23,0,9.4,1.1,98618.515625,-0.8801422119140625,337.5498046875,9999,-1000
4.722413063049316,3.9,-0.3,-8.5,3,27,3,1,24,0,15.2,-27.0,98618.28125,-0.8801422119140625,337.572265625,9999,-1000
4.810223579406738,4.2,-0.2,-8.4,5,24,1,1,25,0,9.4,2.2,98618.5,-0.8671417236328125,337.552734375,9999,-1000
4.853732347488403,4.1,-0.4,-8.4,9,26,3,2,26,0,7.5,31.6,98617.8046875,-0.8671417236328125,337.61328125,9999,-1000
4.897706508636475,4.5,-0.3,-8.3,5,23,4,2,27,0,7.2,-2.3,98618.03125,-0.8541412353515625,337.591796875,9999,-1000
4.941481590270996,4.7,-0.4,-8.3,7,23,2,2,28,0,7.6,-0.6,98618.03125,-0.8541412353515625,337.591796875,9999,-1000
4.985180616378784,4.8,-0.5,-8.4,7,20,2,3,29,0,7.6,-0.5,98618.03125,-0.8541412353515625,337.591796875,9999,-1000
5.0290350914001465,4.8,-0.6,-8.1,10,23,4,3,30,0,7.4,-1.7,98618.21875,-0.8431472778320312,337.5751953125,9999,-1000
5.073056697845459,5.1,-0.6,-8.2,9,16,2,3,31,0,7.5,-5.5,98617.90625,-0.8431472778320312,337.603515625,9999,-1000
5.116796970367432,5.2,-0.7,-8.3,8,24,1,4,32,1,7.6,-5.9,98618.1015625,-0.8316421508789062,337.5869140625,9999,-1000
5.160744667053223,5.2,-0.7,-7.7,12,34,5,4,33,1,14.8,-40.7,98617.796875,-0.8316421508789062,337.611328125,9999,-1000
5.204602003097534,5.4,-0.8,-7.7,7,18,2,5,34,1,7.9,-6.5,98617.796875,-0.8316421508789062,337.611328125,9999,-1000
5.248488664627075,5.5,-0.7,-8.0,-5,6,0,5,35,1,-0.2,39.2,98618.0703125,-0.8156509399414062,337.587890625,9999,-1000
5.292453765869141,5.7,-0.8,-7.8,-7,12,0,4,35,1,-0.2,39.2,98617.9921875,-0.8156509399414062,337.595703125,9999,-1000
5.336317777633667,5.7,-0.6,-7.7,-9,14,-1,4,36,1,6.8,-2.7,98618.2265625,-0.8016586303710938,337.576171875,9999,-1000
5.380190372467041,5.6,-0.7,-7.5,-5,13,-1,4,36,1,7.1,0.4,98618.2265625,-0.8016586303710938,337.576171875,2198,-1000
5.424036502838135,5.8,-0.7,-7.6,-6,12,0,3,37,1,7.1,0.4,98617.984375,-0.7886581420898438,337.59765625,2181,-1000
5.467998504638672,5.7,-0.6,-7.5,-4,20,1,3,38,2,8.5,1.7,98617.984375,-0.7886581420898438,337.59765625,2152,-1000
5.51198935508728,5.9,-0.6,-7.2,-3,14,1,3,38,2,7.3,-5.4,98617.9921875,-0.778656005859375,337.595703125,2132,-1000
5.555679082870483,6.2,-0.4,-7.2,-10,16,0,3,39,2,7.3,-5.4,98617.9921875,-0.778656005859375,337.595703125,2071,-1000
5.5996034145355225,6.3,-0.4,-7.3,-2,24,0,3,40,2,7.8,5.7,98617.8359375,-0.778656005859375,337.609375,2028,-1000
5.643570899963379,6.3,-0.5,-7.0,-6,19,0,2,41,2,8.1,3.6,98618.0703125,-0.7651596069335938,337.587890625,2033,-1000
5.687549352645874,6.2,-0.3,-6.9,-11,21,0,2,42,2,7.7,24.6,98617.7578125,-0.7651596069335938,337.615234375,1985,-1000
5.731613636016846,6.4,-0.4,-6.7,1,16,1,2,43,2,7.8,1.4,98617.984375,-0.7516632080078125,337.59765625,1994,-1000
5.775569915771484,6.8,-0.5,-7.0,-7,14,0,2,43,2,6.2,-1.1,98617.984375,-0.7516632080078125,337.59765625,1909,-1000
5.819565534591675,6.8,-0.4,-6.7,-4,24,0,2,44,2,7.2,7.8,98617.609375,-0.7516632080078125,337.62890625,1897,-1000
5.864586114883423,6.8,-0.2,-6.4,7,22,2,2,45,2,8.1,1.3,98617.71875,-0.7451629638671875,337.619140625,1845,-1000
5.907559633255005,7.0,-0.4,-6.3,6,22,1,2,46,3,7.4,-1.0,98617.7890625,-0.7451629638671875,337.61328125,1850,-1000
5.951369524002075,7.0,-0.5,-6.1,4,25,2,2,47,3,7.6,-1.2,98618.0703125,-0.728668212890625,337.587890625,1828,-1000
5.995214462280273,7.0,-0.5,-6.1,4,25,2,2,47,3,16.3,-3.1,98617.453125,-0.728668212890625,337.642578125,1740,-1000
6.039098739624023,7.2,-0.4,-5.3,7,11,1,3,50,3,6.2,-0.6,98617.453125,-0.728668212890625,337.642578125,1787,-1000
6.08306622505188,7.3,-0.5,-5.8,4,2,-1,3,50,3,4.0,-0.0,98617.390625,-0.7146682739257812,337.6484375,1728,-1000
6.126955509185791,7.3,-0.6,-6.0,3,7,0,3,50,3,2.0,-1.0,98617.390625,-0.7146682739257812,337.6484375,1740,-1000
6.170661926269531,7.4,-0.5,-5.8,2,11,1,3,51,3,4.1,1.1,98617.7890625,-0.6911773681640625,337.61328125,1735,-1000
6.21464991569519,7.2,-0.5,-5.7,-2,5,0,3,51,3,3.1,-0.7,98617.640625,-0.6911773681640625,337.6259765625,1717,-1000
6.2585368156433105,7.5,-0.6,-5.8,-1,9,0,3,51,4,3.2,1.2,98617.765625,-0.6836776733398438,337.6142578125,1703,-1000
6.302459001541138,7.6,-0.6,-5.6,-2,11,0,3,52,4,2.1,-0.7,98617.609375,-0.6836776733398438,337.62890625,1713,-1000
6.346189022064209,7.7,-0.5,-5.7,-4,10,-1,3,52,4,2.2,-0.2,98617.734375,-0.676177978515625,337.6171875,1698,-1000
6.390322923660278,7.6,-0.5,-5.5,-4,12,-3,3,53,4,4.3,2.4,98617.734375,-0.676177978515625,337.6171875,1667,-1000
6.434551954269409,7.8,-0.4,-5.3,-2,6,-2,3,53,3,0.6,-0.0,98617.34375,-0.676177978515625,337.6513671875,1676,-1000
6.47800350189209,7.8,-0.5,-5.3,-1,11,-1,2,54,3,1.6,-0.4,98617.609375,-0.6606826782226562,337.62890625,1679,-1000
6.521727800369263,7.6,-0.4,-5.5,-1,7,-1,2,54,3,4.6,1.7,98617.53125,-0.6606826782226562,337.634765625,1642,0
6.521727800369263,7.8,-0.5,-5.2,2,4,0,2,54,3,1.8,-0.9,98617.8359375,-0.6431808471679688,337.609375,1642,0
6.609627962112427,7.9,-0.4,-5.3,1,2,-1,2,54,3,1.3,-1.0,98617.8359375,-0.6431808471679688,337.609375,1637,260
6.6535804271698,7.9,-0.5,-5.2,1,9,-1,2,55,3,1.8,-1.4,98617.953125,-0.6361846923828125,337.599609375,1640,257
6.697359085083008,7.9,-0.4,-5.3,2,9,0,2,55,3,2.9,-0.8,98617.953125,-0.6361846923828125,337.599609375,1649,262
6.741247177124023,7.7,-0.3,-5.2,-1,7,-1,2,55,3,1.7,-0.7,98617.5625,-0.6361846923828125,337.6318359375,1621,260
6.784770488739014,7.9,-0.4,-5.1,-5,7,-1,2,56,3,1.2,-0.0,98617.703125,-0.627685546875,337.6201171875,1631,266
6.828670978546143,7.7,0.0,-5.5,-8,5,-8,2,56,2,-1.1,3.3,98617.3203125,-0.627685546875,337.65234375,1620,269
6.872281074523926,7.7,-0.2,-5.3,-4,3,-3,2,56,2,0.2,0.4,98617.5625,-0.613189697265625,337.6318359375,1605,265
6.916303873062134,8.0,-0.3,-4.9,0,7,0,1,56,2,0.3,0.7,98617.40625,-0.613189697265625,337.6455078125,1604,266
6.960059642791748,8.0,-0.2,-5.1,3,-1,0,1,56,2,0.6,-0.1,98617.40625,-0.613189697265625,337.6455078125,1610,264
7.003989934921265,7.9,-0.2,-5.2,4,10,0,2,57,2,1.9,-1.9,98617.6953125,-0.5966949462890625,337.62109375,1641,269
7.003989934921265,7.9,-0.2,-4.9,7,7,0,2,57,2,1.4,-1.8,98617.4609375,-0.5966949462890625,337.6416015625,1641,269
7.09173583984375,8.2,-0.4,-5.3,7,16,3,2,58,2,6.5,-1.0,98617.53125,-0.592193603515625,337.634765625,1588,282
7.1355931758880615,8.2,-0.2,-4.9,7,10,3,2,58,3,4.6,1.1,98617.2265625,-0.592193603515625,337.6611328125,1590,279
7.17948579788208,8.7,-0.7,-5.1,9,36,2,3,60,3,4.6,1.1,98617.2265625,-0.592193603515625,337.6611328125,1564,309
7.223556995391846,8.1,-0.4,-4.1,5,30,5,3,61,4,15.0,-1.3,98617.34375,-0.5851974487304688,337.6513671875,1566,360
7.267290830612183,8.7,-0.3,-4.4,8,29,2,3,62,5,15.0,-1.3,98617.03125,-0.5851974487304688,337.6796875,1523,394
7.3111572265625,8.4,-0.5,-3.9,10,30,2,4,64,5,13.2,-0.5,98617.28125,-0.5706939697265625,337.65625,1515,446
7.355010032653809,8.7,-0.7,-3.4,10,15,4,4,65,6,8.6,-2.6,98617.515625,-0.5706939697265625,337.63671875,1509,537
7.3988258838653564,8.6,-0.6,-3.8,8,5,1,4,65,6,5.2,0.2,98617.6484375,-0.5626983642578125,337.625,1503,567
7.442751884460449,8.7,-0.7,-3.5,8,14,1,5,66,7,0.2,-4.8,98617.6484375,-0.5626983642578125,337.625,1481,584
7.486599683761597,8.7,-0.7,-3.5,4,3,2,5,66,7,1.2,-1.8,98617.53125,-0.560699462890625,337.634765625,1468,621
7.5304906368255615,8.7,-0.6,-3.6,2,9,2,5,67,8,3.7,-2.5,98617.53125,-0.560699462890625,337.634765625,1481,638
7.574565887451172,9.0,-0.9,-3.2,4,13,5,5,67,8,5.7,0.8,98617.2265625,-0.560699462890625,337.6611328125,1475,647
7.618807554244995,8.5,-0.8,-3.1,3,20,4,5,68,10,6.9,0.4,98617.40625,-0.5497055053710938,337.6455078125,1462,671
7.662155866622925,8.8,-0.9,-3.0,1,2,1,5,68,10,1.6,-2.0,98617.40625,-0.5497055053710938,337.6455078125,1477,679
7.706202983856201,9.0,-0.8,-3.2,-3,-5,0,5,68,10,-0.5,0.8,98617.3046875,-0.5557022094726562,337.6552734375,1455,689
7.750016927719116,8.6,-0.8,-3.3,-5,-14,-2,5,68,10,-2.3,1.9,98617.3046875,-0.5557022094726562,337.6552734375,1458,697
7.793633699417114,8.6,-0.7,-3.4,-5,-21,-2,5,67,9,-6.7,0.3,98617.3046875,-0.5557022094726562,337.6552734375,1456,674
7.837681770324707,8.9,-0.8,-3.6,-7,-24,-2,4,66,8,-8.3,1.7,98617.4453125,-0.547698974609375,337.6416015625,1474,657
7.881225347518921,8.5,-0.7,-3.6,-5,-30,-2,4,65,7,-7.7,0.7,98617.4453125,-0.547698974609375,337.6416015625,1486,628
7.925224304199219,8.5,-0.7,-3.9,-8,-36,-4,4,64,6,-12.2,-0.1,98617.515625,-0.5431976318359375,337.63671875,1496,596
7.969040632247925,8.7,-0.6,-3.8,-7,-29,-5,3,62,5,-13.1,1.1,98617.359375,-0.5431976318359375,337.650390625,1521,427
8.013009548187256,8.0,-0.5,-4.6,-6,-27,-5,3,61,4,-7.2,0.4,98617.359375,-0.5431976318359375,337.650390625,1534,399
8.056914806365967,8.2,-0.6,-4.3,-10,-37,-2,3,60,4,-15.0,2.9,98617.75,-0.529205322265625,337.6171875,1564,365
8.100551843643188,8.2,-0.3,-4.6,-2,-34,-1,2,58,3,-12.2,-0.4,98617.75,-0.529205322265625,337.6171875,1577,312
8.144561290740967,7.7,-0.4,-5.2,4,-35,-5,3,57,2,-12.5,-1.4,98617.8984375,-0.5207061767578125,337.603515625,1591,294
8.188312530517578,7.7,-0.7,-5.2,0,-33,-2,3,55,2,-10.7,2.5,98617.28125,-0.5207061767578125,337.65625,1631,286
8.232186555862427,7.9,-0.4,-5.4,6,-24,-2,3,54,2,-9.3,-0.0,98617.28125,-0.5207061767578125,337.65625,1669,276
8.276227474212646,7.7,-0.5,-5.7,-1,-10,1,3,53,1,-5.4,-0.8,98617.640625,-0.5087051391601562,337.6259765625,1669,272
8.319773435592651,7.5,-0.2,-5.6,0,-25,0,3,52,1,-7.1,-0.0,98617.640625,-0.5087051391601562,337.6259765625,1685,264
8.363770246505737,7.3,-0.4,-5.8,-4,-32,-3,3,51,1,-7.1,0.3,98617.6953125,-0.505706787109375,337.62109375,1702,265
8.407739162445068,7.3,-0.4,-5.8,-4,-32,-3,3,51,1,-14.9,2.5,98617.6171875,-0.505706787109375,337.626953125,1728,255
8.451672315597534,7.0,-0.2,-6.3,-9,-50,-7,2,47,0,-16.6,0.3,98617.7421875,-0.497711181640625,337.6162109375,1745,254
8.495582342147827,7.0,-0.1,-6.8,-10,-42,-6,1,45,0,-16.0,2.4,98617.5859375,-0.497711181640625,337.6298828125,1810,249
8.540175914764404,6.4,0.1,-6.8,-5,-47,0,1,43,-1,-14.4,3.6,98617.7890625,-0.48621368408203125,337.61328125,1906,233
8.58394742012024,6.5,0.0,-6.9,-8,-37,0,0,41,0,-15.5,-6.4,98617.7890625,-0.48621368408203125,337.61328125,2003,219
8.627608060836792,6.1,0.0,-7.3,0,-33,-1,0,40,-1,-15.5,-6.4,98617.75,-0.47920989990234375,337.6171875,2067,207
8.671591520309448,5.9,0.0,-7.4,2,-25,0,0,38,-1,-0.7,-55.6,98617.75,-0.47920989990234375,337.6171875,2068,185
8.715560913085938,6.0,0.0,-7.8,3,-9,-2,0,38,-1,0.0,-57.0,98617.75,-0.47920989990234375,337.6171875,2108,174
8.759560346603394,5.9,-0.1,-7.4,5,-1,0,0,37,-1,-0.1,-17.2,98617.9609375,-0.46671295166015625,337.599609375,2170,183
8.80353307723999,5.5,0.0,-7.6,0,-36,-1,1,37,-1,-0.2,-2.7,98617.9609375,-0.46671295166015625,337.599609375,2128,164
8.847415447235107,5.8,-0.1,-7.6,-1,-28,0,0,36,-1,0.2,-76.0,98617.8203125,-0.47021484375,337.6103515625,2219,169
8.891242027282715,4.9,0.4,-7.8,-14,-90,4,0,33,-1,0.2,-76.0,98617.8203125,-0.47021484375,337.6103515625,9999,169
8.935137271881104,5.6,0.0,-8.1,6,-8,1,0,31,-1,0.2,-76.0,98617.359375,-0.47021484375,337.650390625,9999,167
8.979033470153809,4.8,0.0,-8.6,0,-20,0,0,30,-1,0.2,-76.0,98617.4765625,-0.463714599609375,337.640625,9999,162
9.022932767868042,4.7,0.0,-7.9,-1,-22,0,0,30,-1,-0.6,-31.2,98617.4765625,-0.463714599609375,337.640625,9999,148
9.06682014465332,4.8,0.0,-8.5,-1,-3,0,0,29,-1,0.0,-5.2,98617.5390625,-0.459716796875,337.634765625,9999,156
9.110644102096558,4.5,0.0,-8.3,2,2,-1,0,29,-1,0.3,2.8,98617.46875,-0.459716796875,337.640625,9999,151
9.154620170593262,4.3,0.0,-8.4,-2,-18,0,0,29,-1,0.3,2.8,98617.46875,-0.459716796875,337.640625,9999,149
9.198477029800415,3.5,-0.3,-8.9,1,-28,-2,0,27,-1,0.3,-68.4,98617.7109375,-0.445220947265625,337.619140625,9999,151
9.242195844650269,4.6,0.5,-8.2,2,-48,-7,0,26,-1,0.1,-68.9,98617.40625,-0.445220947265625,337.6455078125,9999,157
9.285706520080566,4.2,0.0,-9.0,-4,-26,-7,0,24,-2,0.1,-68.9,98617.390625,-0.44571685791015625,337.6484375,9999,151
9.329632759094238,3.8,-0.1,-8.6,-4,-11,-4,0,23,-2,0.3,-22.8,98617.2421875,-0.44571685791015625,337.66015625,9999,150
9.373794078826904,3.0,0.3,-9.4,-9,-43,-2,0,22,-2,0.3,-22.8,98617.2421875,-0.44571685791015625,337.66015625,9999,154
9.41754698753357,4.0,0.3,-8.5,-5,-37,-11,0,20,-2,0.3,-22.8,98617.3515625,-0.4392242431640625,337.650390625,9999,148
9.461355209350586,3.1,0.1,-9.1,-8,-12,-4,-1,19,-3,0.3,-22.8,98617.2734375,-0.4392242431640625,337.658203125,9999,150
9.505261421203613,2.9,0.1,-9.2,-7,-24,-2,-1,18,-3,0.3,-22.8,98617.4296875,-0.4302215576171875,337.64453125,9999,144
9.549158096313477,2.9,0.4,-9.2,-6,-21,-2,-1,17,-3,0.3,-22.8,98617.4296875,-0.4302215576171875,337.64453125,9999,153
9.593457698822021,2.5,0.2,-9.4,-2,-25,0,-2,16,-3,0.3,-22.8,98617.4296875,-0.4302215576171875,337.64453125,9999,148
9.636836051940918,2.6,0.2,-9.2,0,-20,0,-2,15,-3,0.3,-22.8,98617.5703125,-0.4172210693359375,337.6328125,9999,144
9.680753707885742,2.1,0.3,-9.1,1,-15,0,-2,14,-3,0.0,-21.0,98617.7109375,-0.40872955322265625,337.619140625,9999,144
9.724711418151855,2.6,0.5,-9.2,-5,-28,5,-2,13,-3,0.1,-46.3,98617.7109375,-0.40872955322265625,337.619140625,9999,143
9.768573999404907,2.2,0.0,-9.9,11,-3,3,-2,13,-2,-0.6,-2.9,98617.328125,-0.40872955322265625,337.654296875,9999,143
9.81273627281189,1.4,0.4,-9.1,4,-33,-2,-2,12,-2,0.3,-5.9,98617.375,-0.40572357177734375,337.6484375,9999,147
9.856811046600342,2.3,0.6,-9.5,-4,-44,5,-2,10,-2,-22.3,23.3,98617.453125,-0.40572357177734375,337.642578125,9999,139
9.900268793106079,2.3,0.2,-9.1,-5,0,4,-2,9,-2,-15.0,-0.5,98617.5703125,-0.3987274169921875,337.6328125,9999,138
9.944185256958008,1.5,0.2,-9.6,8,31,6,-2,10,-2,0.0,5.5,98617.5703125,-0.3987274169921875,337.6328125,9999,140
9.987884283065796,1.1,0.6,-9.8,0,-11,9,-2,10,-1,-0.1,-3.7,98617.3359375,-0.3987274169921875,337.65234375,9999,140
10.03176498413086,1.6,0.3,-9.4,-3,-31,3,-2,9,-1,-0.4,-41.5,98617.4296875,-0.3932342529296875,337.64453125,9999,139
10.075605869293213,1.6,0.2,-9.3,-1,-7,3,-2,8,-1,-0.4,-41.5,98617.125,-0.3932342529296875,337.669921875,9999,137
10.119487762451172,1.2,0.3,-9.7,0,-40,3,-2,7,-1,-0.4,-41.5,98617.265625,-0.38472747802734375,337.6572265625,9999,133
10.163668155670166,1.3,0.1,-9.9,6,-32,-3,-2,6,0,-0.4,-41.5,98617.1171875,-0.38472747802734375,337.669921875,9999,130
10.207353830337524,1.3,0.1,-9.9,6,-32,-3,-2,6,0,0.0,-54.7,98617.1171875,-0.38472747802734375,337.669921875,9999,122
10.251246690750122,0.4,0.3,-10.0,-4,-34,-1,-1,3,-1,-0.1,-53.2,98617.078125,-0.3777313232421875,337.673828125,9999,123
10.295179605484009,0.4,0.3,-9.8,1,-56,0,-1,1,-1,0.5,-96.6,98617.078125,-0.3777313232421875,337.673828125,9999,121
10.339021921157837,0.0,0.5,-9.7,3,-44,-7,-1,0,-1,0.5,-96.6,98617.25,-0.3672332763671875,337.66015625,9999,121
10.382932901382446,-1.0,0.0,-10.4,-2,-76,-2,-1,-3,-1,-14.9,-12.7,98617.09375,-0.3672332763671875,337.673828125,9999,114
10.426828861236572,-0.9,0.4,-9.6,-10,-171,14,-1,-8,-1,-49.4,1.8,98617.21875,-0.36023712158203125,337.662109375,9999,124
10.470401525497437,-1.5,0.5,-8.7,-8,-80,7,-2,-14,0,-37.8,8.1,98617.140625,-0.36023712158203125,337.66796875,9999,156
10.514469861984253,-3.1,0.5,-9.4,-1,-18,8,-2,-16,0,-5.2,1.3,98617.140625,-0.36023712158203125,337.66796875,9999,170
10.558269500732422,-2.9,0.5,-9.7,-5,-64,1,-2,-18,0,-16.3,1.4,98617.2109375,-0.356231689453125,337.6640625,670,186
10.602033138275146,-2.8,0.5,-8.6,5,-5,0,-2,-19,0,-14.6,0.2,98616.9765625,-0.356231689453125,337.68359375,641,204
10.645530939102173,-3.6,0.5,-9.8,4,11,-1,-2,-19,0,6.9,-0.7,98617.0546875,-0.35173797607421875,337.67578125,640,208
10.68965458869934,-4.1,0.5,-9.6,-3,-60,-5,-2,-20,0,-13.9,0.2,98616.8984375,-0.35173797607421875,337.689453125,651,200
10.68965458869934,-3.1,0.3,-8.6,0,-46,-1,-2,-23,0,-23.6,0.6,98617.046875,-0.34323883056640625,337.6767578125,651,200
10.68965458869934,-3.9,0.4,-9.0,7,4,-2,-2,-23,0,-0.8,-1.7,98617.046875,-0.34323883056640625,337.6767578125,651,200
10.821516990661621,-4.4,0.4,-9.4,-2,-63,0,-2,-24,0,-6.7,-0.8,98617.40625,-0.33074188232421875,337.6455078125,416,259
10.865495443344116,-4.4,0.3,-8.3,0,-69,0,-2,-28,0,-6.7,-0.8,98617.40625,-0.33074188232421875,337.6455078125,298,296
10.909284114837646,-4.7,0.3,-8.7,4,-9,6,-2,-29,0,-7.1,-0.2,98616.9453125,-0.33074188232421875,337.685546875,253,322
10.953188180923462,-5.0,0.7,-8.6,0,-26,7,-2,-30,1,-5.7,-2.3,98617.1484375,-0.3187408447265625,337.6689453125,243,344
10.99710750579834,-5.2,0.6,-8.3,-3,-30,0,-2,-31,1,-7.1,0.5,98616.9921875,-0.3187408447265625,337.681640625,238,354
11.040925741195679,-5.3,0.4,-8.5,1,-14,-1,-2,-32,1,-5.7,0.6,98617.046875,-0.31574249267578125,337.6767578125,225,368
11.0845308303833,-5.8,0.5,-8.2,3,-21,0,-2,-33,1,-5.6,-0.3,98617.046875,-0.31574249267578125,337.6767578125,226,372
11.128432750701904,-5.6,0.4,-8.3,-1,-53,-1,-2,-35,1,-16.7,0.6,98616.890625,-0.31574249267578125,337.6904296875,225,387
11.172239542007446,-5.7,0.4,-8.1,0,-32,0,-2,-37,1,-13.2,0.5,98616.9921875,-0.30974578857421875,337.681640625,215,398
11.215806722640991,-6.2,0.4,-7.6,0,-17,-2,-2,-38,1,-4.3,-0.7,98616.8359375,-0.30974578857421875,337.6953125,229,403
11.259820938110352,-6.5,0.5,-8.0,-1,-33,-1,-2,-39,1,-4.8,0.3,98616.90625,-0.306243896484375,337.6875,224,408
11.303619861602783,-6.4,0.4,-7.3,-7,-57,-2,-2,-41,1,-16.9,2.1,98616.828125,-0.306243896484375,337.6962890625,234,417
11.347585916519165,-6.3,0.3,-7.5,0,-26,-2,-3,-43,1,-10.8,1.3,98616.828125,-0.306243896484375,337.6962890625,210,431
11.391835689544678,-6.7,0.3,-7.1,2,-13,0,-2,-43,1,-1.3,0.8,98616.828125,-0.306243896484375,337.6962890625,212,427
11.435513973236084,-6.9,0.5,-7.3,2,-7,-1,-2,-44,1,-4.6,-1.1,98616.9296875,-0.2952423095703125,337.6865234375,201,432
11.479408740997314,-7.2,0.5,-7.2,-2,-20,-3,-2,-44,1,-1.6,1.8,98617.1171875,-0.28475189208984375,337.669921875,200,434
11.523442029953003,-7.2,0.4,-7.0,0,-28,-5,-2,-45,1,-5.8,0.2,98617.265625,-0.28475189208984375,337.6572265625,189,434
11.567214012145996,-7.4,0.4,-6.7,0,-34,-8,-2,-47,1,-10.2,0.5,98617.359375,-0.2792510986328125,337.650390625,164,430
11.611093759536743,-7.5,0.2,-6.8,-2,-40,-7,-2,-48,0,-13.8,-0.2,98617.203125,-0.2792510986328125,337.662109375,163,433
11.654898405075073,-7.6,0.2,-6.2,-3,-39,-2,-2,-50,0,-15.7,1.2,98617.203125,-0.2792510986328125,337.662109375,139,428
11.69890284538269,-8.0,0.2,-5.9,1,-37,0,-2,-52,0,-12.8,-0.8,98617.2890625,-0.27425384521484375,337.6552734375,128,421
11.742625951766968,-8.0,0.4,-5.9,8,-41,3,-2,-54,0,-15.9,-5.6,98617.2109375,-0.27425384521484375,337.6640625,143,414
11.786574125289917,-8.0,0.4,-5.9,3,-26,8,-1,-55,1,-4.9,1.3,98617.3125,-0.26825714111328125,337.654296875,134,407
11.830400705337524,-8.5,0.4,-5.6,0,-18,8,-1,-56,2,-3.2,1.5,98617.078125,-0.26825714111328125,337.673828125,130,409
11.874457120895386,-8.6,0.5,-5.5,-3,-49,5,-2,-57,3,-12.8,-0.1,98617.2578125,-0.25775146484375,337.658203125,126,394
11.918125629425049,-8.6,0.5,-4.9,-4,-36,4,-2,-59,4,-16.3,2.4,98617.2578125,-0.25775146484375,337.658203125,121,384
11.962411880493164,-8.7,0.4,-4.9,-5,-32,-1,-2,-61,4,-11.8,-0.0,98617.2578125,-0.25775146484375,337.658203125,119,382
12.005823135375977,-8.7,0.4,-4.9,-5,-32,-1,-2,-61,4,-6.5,-0.3,98617.3984375,-0.2492523193359375,337.646484375,121,371
12.049824476242065,-8.9,0.4,-4.8,-2,-32,-1,-3,-63,4,-10.2,1.1,98617.5546875,-0.2492523193359375,337.6328125,129,368
12.093654155731201,-9.6,0.5,-3.6,12,-26,7,-2,-64,5,-5.1,-2.1,98617.734375,-0.23876190185546875,337.6171875,117,370
12.137507200241089,-9.0,0.6,-4.7,3,-82,8,-2,-67,7,-22.9,-1.3,98617.4296875,-0.23876190185546875,337.64453125,120,368
12.181437015533447,-9.1,0.5,-3.3,-2,-32,6,-2,-69,9,-19.7,-0.9,98617.4296875,-0.23876190185546875,337.64453125,114,357
12.2252938747406,-9.9,0.6,-2.6,11,-12,2,-2,-70,9,-0.1,-2.0,98617.5546875,-0.23125457763671875,337.6328125,117,354
12.269138097763062,-9.2,0.8,-3.8,0,-40,2,-2,-71,11,-12.6,-0.8,98617.4765625,-0.23125457763671875,337.640625,112,356
12.31310772895813,-9.6,0.5,-2.9,-3,-25,3,-3,-73,12,-9.0,1.9,98617.578125,-0.22525787353515625,337.630859375,111,352
12.357072591781616,-9.7,0.7,-2.4,6,1,0,-3,-73,12,-0.3,-0.9,98617.5,-0.22525787353515625,337.63671875,114,357
12.400575876235962,-9.8,0.7,-3.1,2,-19,1,-3,-73,13,-1.9,-0.9,98617.65625,-0.2162628173828125,337.625,113,350
12.444574356079102,-9.7,0.6,-2.4,1,-3,0,-3,-74,13,-1.0,-0.0,98617.578125,-0.2162628173828125,337.630859375,116,354
12.488615036010742,-9.6,0.7,-2.7,2,0,0,-3,-74,14,-1.6,-1.7,98617.578125,-0.2162628173828125,337.630859375,112,361
12.532655239105225,-9.8,0.6,-2.7,2,12,0,-3,-74,13,4.4,-0.7,98617.71875,-0.207763671875,337.619140625,114,352
12.532655239105225,-9.4,0.6,-2.8,1,18,1,-3,-73,13,5.1,0.2,98617.640625,-0.207763671875,337.6259765625,114,352
12.620275497436523,-9.5,0.7,-2.9,6,34,0,-3,-72,12,7.6,-0.6,98617.8125,-0.19776153564453125,337.611328125,113,352
12.664309978485107,-9.4,0.7,-3.5,7,35,-1,-3,-70,11,11.6,-0.7,98617.734375,-0.19776153564453125,337.6171875,111,356
12.70825982093811,-9.1,0.1,-3.5,6,52,0,-2,-68,10,16.1,-1.8,98617.828125,-0.19226837158203125,337.609375,118,357
12.752068996429443,-9.3,0.8,-4.1,8,59,0,-2,-65,9,19.7,-1.3,98617.828125,-0.19226837158203125,337.609375,110,360
12.795640707015991,-9.4,0.7,-4.2,2,62,-2,-2,-63,8,20.5,0.9,98617.75,-0.19226837158203125,337.6171875,111,374
12.83992052078247,-8.7,0.3,-4.8,2,69,5,-2,-60,7,17.6,-1.6,98617.921875,-0.1822662353515625,337.6025390625,120,377
12.883710384368896,-8.4,0.7,-5.3,5,66,4,-2,-57,7,23.4,-0.5,98617.765625,-0.1822662353515625,337.6142578125,120,386
12.927568435668945,-8.5,0.7,-5.7,-1,38,2,-2,-54,7,12.7,1.6,98617.8984375,-0.174774169921875,337.603515625,129,413
12.971527814865112,-8.2,0.5,-5.8,-3,41,-1,-3,-53,7,13.3,2.4,98617.8984375,-0.174774169921875,337.603515625,129,424
13.015216588973999,-7.5,0.7,-6.0,-6,51,-4,-3,-51,6,13.5,2.0,98617.75,-0.169769287109375,337.6171875,134,425
13.059139251708984,-7.4,0.7,-6.2,-8,70,-5,-3,-48,6,22.4,5.1,98617.75,-0.169769287109375,337.6171875,146,426
13.102763652801514,-7.3,0.7,-7.0,-7,77,-2,-4,-45,5,21.1,3.4,98617.59375,-0.169769287109375,337.62890625,146,429
13.146637201309204,-5.8,0.7,-6.7,-6,99,0,-4,-41,4,30.4,7.7,98617.7421875,-0.16077423095703125,337.6162109375,211,426
13.190736055374146,-6.1,0.7,-7.9,-11,92,1,-5,-37,4,30.4,7.7,98617.890625,-0.16077423095703125,337.603515625,226,411
13.234484672546387,-5.5,0.7,-8.0,1,71,2,-5,-34,4,22.8,3.3,98618.03125,-0.15277099609375,337.591796875,234,373
13.278538227081299,-5.5,0.9,-8.7,4,21,1,-5,-32,3,14.8,-1.4,98617.71875,-0.15277099609375,337.619140625,221,356
13.322535991668701,-5.0,0.9,-7.9,6,33,-5,-4,-31,3,2.8,-1.2,98617.71875,-0.15277099609375,337.619140625,229,353
13.366527795791626,-5.1,0.7,-9.2,9,38,-5,-4,-29,3,9.5,-2.3,98617.734375,-0.14777374267578125,337.6171875,241,352
13.410622119903564,-4.4,0.6,-8.3,1,13,0,-4,-28,2,1.5,-0.0,98617.734375,-0.14777374267578125,337.6171875,243,344
13.454584836959839,-4.1,0.8,-8.4,1,66,1,-4,-26,2,14.6,-0.3,98617.8984375,-0.1377716064453125,337.603515625,268,337
13.498533010482788,-4.0,0.7,-9.1,-5,78,5,-4,-23,2,27.8,0.7,98617.75,-0.1377716064453125,337.6171875,316,311
13.542309045791626,-3.6,0.6,-9.1,-7,62,0,-4,-20,2,23.9,1.5,98617.75,-0.1377716064453125,337.6171875,397,245
13.586183071136475,-3.5,0.6,-9.4,-10,38,3,-4,-17,2,14.7,1.8,98618.0078125,-0.1362762451171875,337.59375,540,224
13.630206823348999,-2.7,0.6,-9.1,-2,33,3,-5,-16,2,9.4,0.6,98618.0078125,-0.1362762451171875,337.59375,671,206
13.673659563064575,-1.9,0.8,-9.4,6,57,4,-5,-14,2,15.5,-1.0,98618.1953125,-0.12477874755859375,337.5791015625,665,173
13.717530250549316,-2.2,1.1,-9.8,-3,83,1,-4,-11,2,28.8,-2.4,98617.890625,-0.12477874755859375,337.603515625,725,157
13.761709451675415,-1.4,1.1,-9.5,-6,57,0,-5,-7,1,23.4,0.4,98617.96875,-0.12027740478515625,337.59765625,829,142
13.805665731430054,-1.0,1.1,-10.3,4,67,-9,-5,-5,1,21.9,0.5,98617.96875,-0.12027740478515625,337.59765625,878,136
13.849626779556274,-0.6,1.2,-10.1,0,61,-14,-5,-2,0,23.2,4.9,98618.3671875,-0.10578155517578125,337.5625,9999,127
13.89362096786499,-0.7,0.8,-9.9,-3,39,-9,-5,0,0,17.6,8.4,98618.3671875,-0.10578155517578125,337.5625,9999,122
13.937396764755249,-0.3,0.9,-9.4,-3,-16,-2,-5,0,0,0.8,3.5,98618.6015625,-0.10578155517578125,337.54296875,9999,121
13.981318235397339,0.1,0.9,-9.8,2,13,-5,-5,0,0,0.8,3.5,98618.65625,-0.1022796630859375,337.5390625,9999,120
14.02531623840332,-0.4,0.9,-9.7,6,6,-3,-5,0,0,0.0,21.8,98618.3515625,-0.1022796630859375,337.564453125,9999,123
14.069127321243286,0.0,0.7,-9.7,13,-19,0,-5,0,0,-7.4,-2.3,98618.4765625,-0.09478759765625,337.5546875,9999,123
14.113150358200073,0.3,0.4,-9.5,34,0,-1,-4,0,0,-7.6,-6.5,98618.4765625,-0.09478759765625,337.5546875,9999,117
14.156968355178833,0.0,0.3,-9.8,42,47,-1,-2,0,0,15.1,-21.3,98618.09375,-0.09478759765625,337.5859375,9999,116
14.20068097114563,-0.2,0.1,-9.9,36,-2,2,0,1,0,16.4,-11.6,98618.2421875,-0.085784912109375,337.57421875,9999,118
14.244670867919922,0.1,-0.1,-9.7,36,-18,2,1,0,0,0.4,-12.1,98618.09375,-0.085784912109375,337.5859375,9999,117
14.288249015808105,0.0,-0.4,-9.9,34,-8,7,2,0,0,-0.5,-26.1,98618.2109375,-0.07878875732421875,337.576171875,9999,116
14.332298278808594,-0.1,-0.5,-9.6,37,-6,4,4,0,0,-0.5,-24.4,98617.8203125,-0.07878875732421875,337.6103515625,9999,117
14.332298278808594,0.0,-0.9,-9.9,34,3,4,5,0,0,0.1,-13.3,98617.90625,-0.07378387451171875,337.603515625,9999,117
14.42011547088623,-0.3,-1.1,-9.8,29,-4,2,7,0,0,-0.1,-0.4,98617.828125,-0.07378387451171875,337.609375,9999,123
14.463934183120728,0.0,-1.3,-9.6,30,-14,1,8,0,0,-0.2,-33.7,98617.828125,-0.07378387451171875,337.609375,9999,132
14.507725954055786,-0.3,-1.8,-9.7,33,-1,-3,9,-1,0,-0.2,-13.4,98617.9140625,-0.06878662109375,337.6015625,9999,134
14.551607608795166,-0.1,-1.9,-9.5,38,9,-2,11,0,0,0.5,1.8,98617.9921875,-0.06878662109375,337.595703125,9999,139
14.595402956008911,-0.3,-2.2,-9.7,38,6,-1,13,0,0,0.5,1.0,98618.25,-0.05329132080078125,337.57421875,9999,145
14.638685941696167,-0.3,-2.6,-9.4,37,-7,-2,14,0,0,-0.1,-16.5,98618.1015625,-0.05329132080078125,337.5869140625,9999,152
14.682591676712036,0.0,-2.7,-9.3,38,-10,-3,16,0,0,0.3,-28.7,98618.1015625,-0.05329132080078125,337.5869140625,9999,156
14.726644277572632,-0.2,-2.9,-9.2,38,-7,-3,18,-1,0,-6.2,-4.2,98618.2265625,-0.04579925537109375,337.576171875,9999,156
14.77046823501587,-0.2,-3.3,-9.2,37,-2,0,19,-1,0,-1.0,-23.1,98618.0,-0.04579925537109375,337.5947265625,9999,163
14.81453561782837,0.0,-3.4,-8.9,35,4,0,21,-1,0,-1.0,-17.3,98618.109375,-0.0392913818359375,337.5859375,9999,168
14.858413934707642,-0.1,-3.8,-9.1,33,19,2,23,0,0,0.6,-8.0,98617.8046875,-0.0392913818359375,337.61328125,9999,179
14.858413934707642,-0.5,-3.8,-8.9,29,-4,5,24,0,0,0.2,-10.5,98617.9609375,-0.0298004150390625,337.599609375,9999,179
14.858413934707642,-0.5,-3.8,-8.9,29,-4,5,24,0,0,0.2,-10.5,98617.9609375,-0.0298004150390625,337.599609375,9999,179
14.990180015563965,-0.5,-3.8,-8.9,29,-4,5,24,0,0,0.2,-10.5,98617.9609375,-0.0298004150390625,337.599609375,9999,227
15.03387713432312,-0.1,-4.5,-8.9,27,20,1,27,0,0,0.9,-6.8,98617.890625,-0.0247955322265625,337.603515625,9999,259
15.03387713432312,-0.1,-4.5,-8.4,27,6,1,29,0,0,0.9,-6.8,98617.890625,-0.0247955322265625,337.603515625,9999,259
15.03387713432312,0.0,-4.8,-8.5,25,-5,0,30,0,0,-2.1,-8.9,98617.7578125,-0.018798828125,337.615234375,9999,259
15.165604829788208,0.0,-5.0,-8.3,26,2,-4,31,0,0,-1.0,-8.1,98617.7578125,-0.018798828125,337.615234375,9999,300
15.209591150283813,0.0,-5.2,-8.1,26,0,-5,32,0,0,1.2,-9.6,98617.6953125,-0.01329803466796875,337.62109375,9999,316
15.253619194030762,0.0,-5.3,-8.2,25,2,-4,33,0,0,0.6,-6.6,98617.6953125,-0.01329803466796875,337.62109375,9999,318
15.297569751739502,0.0,-5.5,-7.9,24,2,-3,34,0,0,-0.1,-7.0,98617.5390625,-0.01329803466796875,337.634765625,9999,327
15.342121839523315,-0.1,-5.6,-7.6,21,2,-2,35,0,0,-0.5,-9.1,98617.8515625,0.00519561767578125,337.607421875,9999,359
15.385175704956055,0.1,-5.9,-8.0,26,0,-2,36,0,0,1.2,-9.3,98617.546875,0.00519561767578125,337.634765625,9999,376
15.429187059402466,0.2,-5.8,-7.9,29,2,-5,38,0,0,0.5,-7.2,98617.46875,0.0001983642578125,337.640625,9999,383
15.473020315170288,0.0,-6.4,-7.4,31,11,-3,39,0,0,0.5,-7.2,98617.46875,0.0001983642578125,337.640625,9999,413
15.516918659210205,0.0,-6.4,-7.4,31,0,-1,40,1,0,-0.2,-1.7,98617.46875,0.0001983642578125,337.640625,9999,450
15.560750722885132,0.2,-6.5,-7.3,29,-5,0,42,1,0,-0.2,-1.7,98617.640625,0.0196990966796875,337.6259765625,9999,465
15.604382514953613,0.3,-6.7,-7.2,30,5,-3,43,1,0,-0.2,-1.7,98617.640625,0.0196990966796875,337.6259765625,9999,479
15.64835238456726,0.2,-6.8,-6.9,32,7,-1,44,1,0,0.2,-5.5,98617.734375,0.0251922607421875,337.6171875,9999,482
15.69219446182251,0.2,-6.8,-6.7,27,-3,-1,46,1,0,1.8,-8.2,98617.578125,0.0251922607421875,337.630859375,9999,497
15.735931873321533,0.3,-7.0,-6.5,24,-2,-6,47,1,0,0.0,-7.0,98617.578125,0.0251922607421875,337.630859375,9999,518
15.779801607131958,0.3,-7.2,-6.4,20,1,-5,48,1,0,-0.4,-6.4,98617.7109375,0.03269195556640625,337.619140625,9999,533
15.823791742324829,0.3,-7.3,-6.3,15,-7,-4,48,1,0,-0.6,-5.7,98617.7109375,0.03269195556640625,337.619140625,9999,560
15.86762547492981,0.2,-7.5,-6.4,16,-15,-2,49,1,-1,-1.1,-4.9,98617.8828125,0.04268646240234375,337.6044921875,9999,591
15.91159963607788,0.2,-7.4,-6.3,22,-15,-4,50,0,-1,-13.2,-7.1,98617.640625,0.04268646240234375,337.6259765625,9999,587
15.955443382263184,0.1,-7.6,-6.0,25,-20,-4,51,0,-2,-2.6,-7.5,98617.6875,0.04518890380859375,337.623046875,9999,672
15.999495506286621,0.3,-7.6,-6.3,30,-12,-7,52,0,-3,-5.0,-7.6,98617.6171875,0.04518890380859375,337.626953125,9999,678
16.043779611587524,0.3,-7.8,-5.4,28,-9,-5,53,0,-3,-0.9,-8.4,98617.8203125,0.05718994140625,337.6103515625,9999,777
16.087560892105103,0.3,-8.0,-5.4,23,0,-2,54,0,-4,-0.7,-7.1,98617.8203125,0.05718994140625,337.6103515625,9999,725
16.13156270980835,0.2,-8.1,-5.4,20,1,2,55,0,-3,0.2,-6.5,98617.6640625,0.05718994140625,337.6240234375,9999,704
16.175647497177124,0.2,-8.2,-5.4,17,3,4,56,0,-3,-0.4,-5.9,98617.7890625,0.0646820068359375,337.61328125,9999,715
16.219577312469482,0.2,-8.2,-5.4,17,3,4,56,0,-3,0.6,-5.7,98617.484375,0.0646820068359375,337.6396484375,9999,694
16.263627290725708,0.0,-8.2,-5.1,19,2,0,58,1,-3,0.5,-5.9,98617.5859375,0.07068634033203125,337.6298828125,9999,676
16.307636499404907,0.3,-8.5,-4.9,20,2,-3,59,1,-3,-0.5,-5.9,98617.5078125,0.07068634033203125,337.638671875,9999,709
16.351621866226196,0.1,-8.5,-4.7,23,10,0,60,1,-2,0.9,-6.4,98617.6953125,0.082183837890625,337.62109375,9999,696
16.395552396774292,0.2,-8.5,-4.6,27,11,0,61,1,-2,3.0,-7.3,98617.6953125,0.082183837890625,337.62109375,9999,696
16.439581871032715,0.1,-8.9,-4.5,26,9,-1,62,2,-2,2.1,-7.5,98617.46875,0.082183837890625,337.640625,9999,733
16.48361349105835,0.3,-8.7,-4.0,25,5,-2,63,2,-1,0.9,-7.3,98617.609375,0.0906829833984375,337.62890625,9999,731
16.52760887145996,0.2,-9.1,-3.9,17,-4,-3,64,2,-1,-0.2,-5.8,98617.765625,0.0906829833984375,337.6142578125,9999,729
16.571523427963257,0.4,-8.8,-3.8,19,-3,-2,65,2,-1,-0.8,-6.3,98618.015625,0.1051788330078125,337.59375,9999,736
16.615310192108154,0.6,-8.8,-4.0,20,0,0,66,2,-2,-0.5,-6.8,98617.9375,0.1051788330078125,337.599609375,9999,727
16.659255266189575,0.4,-9.1,-3.5,24,12,0,67,2,-1,3.1,-6.7,98617.9375,0.1051788330078125,337.599609375,9999,728
16.702837467193604,0.4,-9.0,-3.7,29,7,1,68,3,-1,2.2,-7.0,98617.9375,0.1051788330078125,337.599609375,9999,742
16.746809005737305,0.4,-9.3,-3.3,34,6,2,69,3,-1,0.7,-9.2,98617.9375,0.1051788330078125,337.599609375,9999,745
16.790674209594727,0.5,-9.2,-2.9,41,37,3,71,3,0,0.7,-9.2,98617.9375,0.1051788330078125,337.599609375,9999,776
16.834483861923218,0.4,-9.1,-2.7,40,46,0,73,5,1,15.1,-13.7,98617.703125,0.1051788330078125,337.6201171875,9999,1042
16.87870144844055,0.5,-9.3,-2.3,29,10,0,74,6,3,7.9,-9.2,98617.9296875,0.11867523193359375,337.6015625,9999,9999
16.92275905609131,0.8,-9.3,-1.9,24,4,0,76,6,3,0.0,-7.1,98617.9296875,0.11867523193359375,337.6015625,9999,9999
16.966581344604492,0.8,-9.7,-1.9,24,20,-1,77,6,3,6.0,-7.8,98617.96875,0.12517547607421875,337.59765625,9999,1790
17.010661602020264,0.4,-9.6,-1.7,23,13,3,78,6,4,6.2,-7.4,98617.96875,0.12517547607421875,337.59765625,9999,1839
17.054657459259033,0.7,-9.6,-1.6,21,-4,5,79,6,4,-0.2,-6.6,98617.96875,0.12517547607421875,337.59765625,9999,1884
17.098583459854126,0.6,-9.8,-1.4,26,10,5,80,5,4,-0.1,-7.5,98618.171875,0.13767242431640625,337.580078125,9999,1877
17.142534017562866,0.4,-9.6,-1.2,29,13,4,81,5,5,4.5,-8.8,98618.171875,0.13767242431640625,337.580078125,9999,1905
17.186331033706665,0.4,-9.8,-1.1,31,6,1,82,5,6,0.3,-6.3,98618.125,0.14366912841796875,337.583984375,9999,1909
17.230220556259155,0.6,-9.6,-0.8,28,-2,0,84,5,6,0.2,-8.7,98618.125,0.14366912841796875,337.583984375,9999,1918
17.27458119392395,0.6,-9.7,-0.5,29,5,-1,85,5,6,0.0,-5.9,98618.046875,0.14366912841796875,337.591796875,9999,1916
17.318159341812134,0.6,-9.8,-0.3,23,5,-3,86,5,6,1.2,-4.9,98618.1640625,0.15067291259765625,337.58203125,9999,1909
17.362005949020386,0.7,-9.5,0.0,19,-1,-2,87,4,6,0.5,-6.7,98618.0078125,0.15067291259765625,337.59375,9999,1927
17.40599775314331,0.8,-9.7,-0.1,21,0,2,88,4,6,0.2,-5.9,98618.0078125,0.15067291259765625,337.59375,9999,1930
17.44998049736023,0.6,-9.6,0.0,29,3,3,89,4,6,1.1,-5.7,98617.90625,0.1536712646484375,337.603515625,9999,1918
17.49366021156311,0.4,-9.7,0.4,36,-2,3,91,4,6,0.0,-6.8,98617.90625,0.1536712646484375,337.603515625,9999,1927
17.537677764892578,0.7,-9.9,0.7,35,-5,6,92,3,6,-1.6,-9.6,98618.0,0.163665771484375,337.5947265625,9999,1927
17.581512689590454,0.4,-9.8,1.0,36,2,11,94,3,6,0.4,-6.2,98618.0,0.163665771484375,337.5947265625,9999,1932
17.625651836395264,0.2,-9.6,0.9,35,-1,9,95,3,6,0.4,-7.8,98618.125,0.17116546630859375,337.583984375,9999,1971
17.669609308242798,0.1,-9.8,1.3,38,-11,1,97,3,5,-0.2,-9.2,98617.96875,0.17116546630859375,337.59765625,9999,1948
17.713623762130737,0.5,-9.6,2.1,34,0,-10,98,2,5,-0.5,-8.7,98617.96875,0.17116546630859375,337.59765625,9999,1983
17.757692098617554,0.4,-9.7,2.4,14,-7,-11,100,2,5,-0.2,-8.1,98617.765625,0.18166351318359375,337.6142578125,9999,1977
17.80153751373291,0.7,-9.6,2.3,-3,-8,-3,100,2,5,-2.7,-3.0,98617.765625,0.18166351318359375,337.6142578125,9999,2004
17.845645904541016,0.3,-9.6,2.4,-15,-7,-2,99,2,5,-0.1,2.5,98617.8828125,0.18865966796875,337.6044921875,9999,1987
17.888646841049194,0.7,-9.4,1.5,-23,-9,-1,98,2,4,-0.8,-1.8,98617.8046875,0.18865966796875,337.61328125,9999,1991
17.932734489440918,0.7,-9.6,1.6,-27,-10,-1,97,2,4,-0.7,3.0,98617.84375,0.191162109375,337.609375,9999,1958
17.976627349853516,0.7,-9.7,1.4,-30,-17,3,96,1,3,0.5,-37.4,98618.0,0.191162109375,337.5947265625,9999,1976
18.02064824104309,0.7,-9.7,1.4,-30,-17,3,96,1,3,0.5,-37.4,98618.2109375,0.2036590576171875,337.576171875,9999,1953
18.06524419784546,0.5,-9.6,0.9,-39,-9,1,93,1,2,-1.0,4.2,98618.2109375,0.2036590576171875,337.576171875,9999,1984
18.108686447143555,0.5,-9.7,0.2,-45,-19,0,91,1,2,0.4,-42.9,98618.171875,0.2101593017578125,337.580078125,9999,1964
18.152531385421753,0.6,-9.8,0.1,-45,-17,-1,89,1,1,-6.6,16.3,98618.171875,0.2101593017578125,337.580078125,9999,1942
18.19646453857422,0.7,-9.7,-0.2,-45,-7,1,87,1,0,-6.6,16.3,98617.7890625,0.2101593017578125,337.61328125,9999,1951
18.24031901359558,0.6,-9.7,-0.6,-49,-6,1,85,1,0,-0.2,15.0,98617.96875,0.22115325927734375,337.59765625,9999,1909
18.28395128250122,0.4,-9.7,-1.0,-53,-23,7,83,1,0,-6.9,16.1,98617.96875,0.22115325927734375,337.59765625,9999,1883
18.327606916427612,0.6,-9.4,-1.5,-49,-17,4,80,1,-1,-5.9,16.1,98618.296875,0.226654052734375,337.5693359375,9999,1906
18.37145161628723,0.4,-9.6,-1.8,-43,-7,1,78,1,-1,-0.9,13.2,98618.296875,0.226654052734375,337.5693359375,9999,1766
18.415274381637573,0.4,-9.4,-2.1,-41,-11,1,77,1,-1,-0.8,13.1,98617.75,0.226654052734375,337.6171875,9999,1552
18.45923900604248,0.4,-9.4,-2.6,-39,-20,4,75,0,-2,-5.9,15.0,98617.875,0.23365020751953125,337.60546875,9999,1210
18.503013372421265,0.3,-9.4,-2.6,-35,-13,4,73,0,-3,-6.7,13.2,98617.796875,0.23365020751953125,337.611328125,9999,878
18.546919584274292,0.3,-9.2,-3.2,-38,-12,8,72,0,-3,-1.1,10.2,98617.8359375,0.23615264892578125,337.609375,9999,829
18.546919584274292,0.0,-9.2,-3.0,-41,-13,6,70,0,-4,-2.8,11.5,98617.53125,0.23615264892578125,337.634765625,9999,829
18.634480237960815,0.0,-9.1,-3.9,-48,-19,4,68,0,-4,-6.2,15.3,98617.53125,0.23615264892578125,337.634765625,9999,707
18.678626775741577,0.0,-8.9,-3.8,-57,-21,7,65,-1,-5,-6.2,16.7,98617.6796875,0.24465179443359375,337.6220703125,9999,687
18.722772121429443,0.0,-8.5,-4.3,-63,-17,8,63,-1,-6,-7.1,19.2,98617.6015625,0.24465179443359375,337.62890625,9999,677
18.766632318496704,-0.2,-8.5,-4.8,-59,-9,12,60,-2,-6,-0.9,20.0,98617.8203125,0.25765228271484375,337.6103515625,9999,680
18.810322046279907,-0.4,-8.1,-5.1,-54,-10,8,57,-2,-6,-1.3,16.6,98617.4296875,0.25765228271484375,337.64453125,9999,705
18.85418939590454,-0.2,-7.7,-5.6,-54,-19,8,55,-2,-6,-5.9,17.1,98617.4296875,0.25765228271484375,337.64453125,9999,717
18.898051738739014,-0.4,-7.7,-5.6,-57,-20,13,52,-3,-7,-5.8,18.3,98617.515625,0.2626495361328125,337.63671875,9999,723
18.942078828811646,-0.7,-7.3,-6.2,-56,-16,13,50,-4,-7,-2.5,19.5,98617.4375,0.2626495361328125,337.642578125,9999,765
18.985846042633057,-0.8,-7.1,-6.4,-60,-15,11,47,-5,-7,-2.5,22.6,98617.578125,0.27065277099609375,337.630859375,9999,535
19.0297269821167,-1.0,-6.9,-7.2,-61,-12,11,44,-5,-7,-0.8,18.8,98617.109375,0.27065277099609375,337.6708984375,9999,501
19.073724508285522,-1.2,-6.6,-7.1,-62,-13,9,42,-6,-7,-1.0,23.9,98617.1328125,0.2716522216796875,337.669921875,9999,484
19.117580890655518,-1.1,-6.2,-7.7,-62,-4,10,39,-6,-7,0.0,20.4,98617.0546875,0.2716522216796875,337.67578125,9999,433
19.16157364845276,-1.4,-5.7,-7.7,-61,-5,14,36,-7,-7,0.2,22.2,98617.203125,0.28064727783203125,337.662109375,9999,407
19.20525550842285,-1.5,-5.2,-8.1,-58,-1,16,33,-7,-6,0.2,22.2,98617.203125,0.28064727783203125,337.662109375,9999,359
19.249332427978516,-1.5,-4.9,-8.4,-55,2,14,31,-7,-6,0.6,24.2,98616.734375,0.28064727783203125,337.705078125,9999,291
19.293216466903687,-1.4,-4.6,-8.4,-53,12,14,28,-7,-5,2.0,25.1,98617.015625,0.29714202880859375,337.6796875,9999,274
19.33697247505188,-1.6,-4.4,-9.1,-49,2,17,26,-7,-4,0.6,24.7,98617.015625,0.29714202880859375,337.6796875,9999,233
19.380887269973755,-1.5,-4.0,-9.0,-44,-2,16,24,-8,-4,0.2,17.0,98617.109375,0.302642822265625,337.6708984375,9999,215
19.424567222595215,-1.5,-3.6,-9.0,-39,17,14,22,-7,-3,6.5,13.8,98617.109375,0.302642822265625,337.6708984375,9999,185
19.468540906906128,-1.5,-3.1,-9.3,-43,26,11,20,-7,-2,10.1,18.8,98616.875,0.302642822265625,337.69140625,9999,169
19.512007474899292,-1.4,-3.3,-9.2,-42,18,12,18,-6,-1,7.6,15.6,98617.1796875,0.32013702392578125,337.666015625,813,167
19.555652856826782,-1.1,-2.5,-9.1,-44,7,13,16,-6,0,0.9,24.2,98617.3359375,0.32013702392578125,337.65234375,915,156
19.599751710891724,-1.3,-2.5,-9.5,-43,21,15,14,-5,0,6.7,14.1,98617.46875,0.32863616943359375,337.640625,928,140
19.643718957901,-1.4,-2.1,-9.7,-35,5,21,12,-5,0,7.2,13.8,98617.1640625,0.32863616943359375,337.6669921875,929,138
19.687635898590088,-1.0,-1.7,-9.5,-32,-13,17,10,-6,1,-7.1,15.9,98617.1640625,0.32863616943359375,337.6669921875,9999,138
19.731412649154663,-1.1,-1.6,-9.5,-29,4,14,9,-6,2,0.0,9.1,98616.9609375,0.321136474609375,337.68359375,9999,135
19.77530288696289,-1.3,-1.2,-9.7,-27,6,8,8,-6,2,0.2,12.2,98616.9609375,0.321136474609375,337.68359375,9999,130
19.819187879562378,-1.3,-1.2,-9.7,-27,6,8,8,-6,2,-1.3,4.4,98617.1875,0.3346405029296875,337.6650390625,9999,127
19.862995862960815,-1.1,-0.8,-9.6,-26,-6,3,5,-7,3,-1.3,4.4,98616.875,0.3346405029296875,337.69140625,9999,125
19.90701389312744,-1.2,-0.7,-9.4,-19,2,-1,4,-7,3,-0.1,6.8,98616.921875,0.33713531494140625,337.6875,9999,124
19.950790643692017,-1.2,-0.5,-9.9,-15,1,0,3,-7,3,0.0,7.4,98616.6171875,0.33713531494140625,337.71484375,9999,126
19.994672060012817,-1.3,-0.5,-9.6,-8,6,0,2,-7,3,0.2,5.2,98616.6171875,0.33713531494140625,337.71484375,9999,125
20.038652420043945,-1.1,-0.4,-9.8,-9,2,4,2,-6,3,0.9,3.3,98616.8359375,0.35013580322265625,337.6953125,847,123
20.08265233039856,-0.9,-0.2,-9.6,-14,-3,2,1,-6,3,-0.7,2.7,98616.6796875,0.35013580322265625,337.708984375,913,122
20.126665353775024,-1.1,-0.1,-9.8,-17,5,0,1,-6,3,0.7,6.8,98616.8671875,0.3611297607421875,337.69140625,9999,121
20.170608520507812,-1.1,0.0,-9.6,-22,-5,0,0,-6,3,-0.3,7.6,98616.8671875,0.3611297607421875,337.69140625,9999,118
20.214659452438354,-1.1,0.2,-9.9,-23,0,0,0,-7,3,-0.6,8.9,98616.9375,0.36513519287109375,337.685546875,9999,121
20.25863766670227,-1.2,0.3,-9.7,-23,-1,-2,-1,-7,3,0.0,8.3,98616.9375,0.36513519287109375,337.685546875,9999,121
20.30266785621643,-1.2,0.3,-9.7,-24,1,0,-2,-7,3,-0.2,9.4,98616.5,0.3716278076171875,337.724609375,9999,123
20.34672236442566,-1.1,0.5,-9.9,-20,-8,-4,-3,-7,3,-1.8,5.7,98616.5,0.3716278076171875,337.724609375,9999,128
20.34672236442566,-1.1,0.5,-9.9,-20,-8,-4,-3,-7,3,-0.2,8.5,98616.3515625,0.3716278076171875,337.736328125,9999,128
20.43467879295349,-1.2,0.9,-9.6,-21,-3,-8,-5,-7,2,0.1,6.8,98616.5234375,0.38162994384765625,337.72265625,9999,132
20.47836995124817,-1.2,1.0,-9.5,-20,-5,-7,-6,-7,2,-1.2,6.9,98616.2890625,0.38162994384765625,337.7421875,9999,138
20.522247791290283,-1.3,1.2,-9.7,-15,3,-5,-7,-7,2,0.2,6.6,98616.484375,0.39311981201171875,337.724609375,9999,133
20.566229343414307,-1.5,1.3,-9.6,-15,0,-3,-7,-7,2,0.8,6.1,98616.484375,0.39311981201171875,337.724609375,829,138
20.61007285118103,-1.3,1.4,-9.6,-11,-6,-1,-8,-7,1,-0.7,3.0,98616.328125,0.39311981201171875,337.73828125,826,144
20.65396785736084,-1.4,1.5,-9.5,-9,3,-1,-8,-7,1,0.7,2.0,98616.390625,0.397125244140625,337.732421875,864,140
20.697792291641235,-1.3,1.7,-9.6,-15,-3,-1,-9,-7,1,0.2,4.4,98616.3125,0.397125244140625,337.73828125,873,142
20.7414128780365,-1.4,1.7,-9.3,-16,-3,-3,-10,-8,1,-0.2,6.9,98616.484375,0.4071197509765625,337.724609375,864,141
20.785243272781372,-1.3,1.8,-9.7,-18,0,0,-10,-8,1,0.0,6.5,98616.5625,0.4071197509765625,337.71875,847,146
20.828779458999634,-1.6,2.1,-9.5,-25,-9,-2,-11,-8,1,-0.4,8.4,98616.5625,0.4071197509765625,337.71875,797,148
20.87247133255005,-1.5,2.1,-9.4,-30,-16,-2,-13,-9,1,-6.8,11.7,98616.65625,0.41262054443359375,337.7109375,818,149
20.916351795196533,-1.5,2.3,-9.6,-21,0,0,-14,-9,1,-1.3,8.4,98616.3515625,0.41262054443359375,337.736328125,810,161
20.96022057533264,-1.8,2.5,-9.3,-18,3,0,-15,-9,1,1.1,6.8,98616.5703125,0.4256134033203125,337.716796875,791,165
21.004194974899292,-1.6,2.6,-9.2,-18,-4,1,-15,-9,1,1.1,6.8,98616.4140625,0.4256134033203125,337.7314453125,770,168
21.04837656021118,-1.5,2.8,-9.3,-14,2,1,-16,-9,1,0.2,5.9,98616.5078125,0.431121826171875,337.72265625,837,163
21.092279195785522,-1.6,2.9,-9.1,-11,1,1,-17,-9,1,0.7,5.2,98616.1953125,0.431121826171875,337.7509765625,829,169
21.13612651824951,-1.3,2.9,-9.2,-10,0,0,-17,-9,1,0.3,5.2,98616.1953125,0.431121826171875,337.7509765625,879,177
21.179991006851196,-1.5,3.1,-8.8,-8,7,2,-18,-9,1,0.9,1.8,98616.1953125,0.431121826171875,337.7509765625,827,173
21.223941564559937,-1.4,3.3,-9.5,-8,8,-1,-18,-8,1,4.4,5.0,98615.8125,0.431121826171875,337.783203125,806,174
21.267832040786743,-1.5,3.2,-9.1,-12,0,0,-19,-8,1,0.3,6.6,98615.8828125,0.43511962890625,337.77734375,9999,168
21.311707735061646,-1.5,3.3,-9.0,-14,7,0,-19,-8,1,1.8,6.8,98615.4921875,0.43511962890625,337.810546875,9999,176
21.355546236038208,-1.2,3.5,-9.3,-19,4,1,-20,-8,1,0.7,7.4,98615.7421875,0.449615478515625,337.7880859375,914,174
21.399481773376465,-1.3,2.9,-8.9,-16,11,3,-21,-7,1,3.9,7.7,98615.7421875,0.449615478515625,337.7880859375,9999,168
21.443374395370483,-1.3,3.8,-9.1,-17,8,2,-21,-7,1,6.2,6.3,98615.5078125,0.449615478515625,337.80859375,9999,161
21.487170934677124,-1.1,3.7,-8.8,-20,-3,-1,-22,-7,1,0.1,9.4,98615.421875,0.44411468505859375,337.8173828125,9999,161
21.531111001968384,-1.2,3.9,-8.7,-17,-3,-2,-23,-7,1,-0.8,7.0,98615.265625,0.44411468505859375,337.8291015625,9999,164
21.57495355606079,-1.5,4.0,-8.8,-17,-9,-1,-24,-7,1,-1.0,7.1,98615.40625,0.45261383056640625,337.8173828125,9999,159
21.61877202987671,-1.1,4.3,-8.9,-12,-1,-2,-25,-7,1,-1.3,2.5,98615.40625,0.45261383056640625,337.8173828125,9999,161
21.662736415863037,-1.5,3.9,-8.8,-6,12,1,-25,-7,1,-1.3,2.5,98615.40625,0.45261383056640625,337.8173828125,9999,161
21.707027435302734,-1.1,4.1,-8.5,-9,0,1,-25,-7,1,0.2,1.6,98615.3359375,0.4621124267578125,337.82421875,9999,161
21.75056290626526,-1.3,4.3,-8.7,-10,9,-3,-26,-7,1,1.7,4.3,98615.3359375,0.4621124267578125,337.82421875,956,159
21.794766902923584,-1.0,4.6,-8.8,-14,-3,-5,-26,-7,0,-0.1,2.6,98615.4921875,0.47110748291015625,337.810546875,9999,152
21.83829641342163,-1.4,4.6,-8.3,-17,1,-2,-27,-7,0,0.3,6.3,98615.1796875,0.47110748291015625,337.8359375,9999,145
21.88212275505066,-1.4,4.7,-8.7,-23,-6,-2,-28,-7,0,-0.5,6.9,98615.1796875,0.47110748291015625,337.8359375,9999,160
21.925872087478638,-1.4,4.8,-8.4,-22,-11,-1,-29,-7,0,-4.2,9.8,98615.21875,0.47760772705078125,337.833984375,9999,161
21.969682693481445,-1.3,5.0,-8.3,-22,-7,-1,-30,-8,1,-2.3,7.7,98615.21875,0.47760772705078125,337.833984375,9999,160
22.0136501789093,-1.4,5.1,-8.1,-23,-8,-4,-31,-8,1,-1.1,9.1,98615.46875,0.4921112060546875,337.8125,9999,160
22.057212114334106,-1.6,5.3,-8.0,-31,-21,-5,-32,-9,1,-4.6,10.7,98615.2265625,0.4921112060546875,337.8330078125,9999,169
22.101027727127075,-1.4,5.5,-8.0,-27,-15,-6,-33,-10,1,-8.8,11.7,98615.4296875,0.5041046142578125,337.81640625,9999,162
22.144969940185547,-1.8,5.5,-7.9,-24,-6,-2,-35,-10,1,-0.2,8.9,98615.1171875,0.5041046142578125,337.841796875,9999,177
22.18873119354248,-1.6,5.7,-7.4,-26,-8,0,-36,-11,1,-2.5,10.3,98615.203125,0.5091018676757812,337.833984375,819,175
22.232704162597656,-1.6,5.7,-7.4,-26,-8,0,-36,-11,1,0.8,11.0,98615.203125,0.5091018676757812,337.833984375,800,177
22.276615858078003,-1.9,6.1,-7.3,-28,-13,1,-38,-11,2,0.3,8.4,98615.2265625,0.5146026611328125,337.8330078125,799,180
22.320614099502563,-1.8,6.1,-7.3,-22,-4,0,-39,-11,2,-1.3,13.5,98615.2265625,0.5146026611328125,337.8330078125,793,179
22.36464524269104,-1.9,6.1,-7.3,-17,-4,3,-40,-11,2,-0.8,10.2,98614.9140625,0.5146026611328125,337.859375,800,182
22.40854024887085,-1.8,6.2,-7.1,-6,-1,0,-40,-11,2,-0.4,4.0,98615.15625,0.5286026000976562,337.83984375,786,184
22.45239520072937,-2.0,6.4,-7.0,-8,-1,2,-41,-11,2,0.1,0.4,98615.15625,0.5286026000976562,337.83984375,751,189
22.49628472328186,-1.8,6.7,-7.0,-13,0,2,-41,-11,3,-0.1,3.7,98614.859375,0.5340957641601562,337.865234375,795,191
22.540353536605835,-2.0,6.6,-7.0,-18,-4,0,-42,-11,3,-0.1,5.1,98614.859375,0.5340957641601562,337.865234375,781,194
22.584052562713623,-2.0,6.7,-6.8,-21,0,2,-43,-11,3,-0.1,3.4,98614.78125,0.5340957641601562,337.87109375,774,187
22.62795662879944,-1.9,6.9,-6.9,-19,-1,2,-44,-11,3,-0.2,9.0,98615.046875,0.549591064453125,337.8486328125,787,195
22.671751260757446,-2.1,6.9,-6.6,-17,4,4,-44,-11,3,1.1,4.6,98614.6640625,0.549591064453125,337.880859375,797,198
22.715605974197388,-2.1,7.1,-6.5,-19,-1,1,-45,-11,3,0.3,5.9,98614.7265625,0.5530929565429688,337.875,773,190
22.759495735168457,-1.8,7.2,-6.5,-19,4,2,-46,-11,3,-0.2,3.3,98614.4140625,0.5530929565429688,337.9033203125,774,209
22.803568601608276,-1.8,7.2,-6.5,-20,2,6,-47,-11,3,-0.2,3.3,98614.4140625,0.5530929565429688,337.9033203125,777,211
22.847596645355225,-1.6,7.4,-6.0,-14,7,9,-48,-10,3,1.1,-0.9,98613.9375,0.56109619140625,337.9443359375,815,219
22.891585111618042,-1.5,7.5,-5.9,-13,0,5,-48,-10,3,2.2,4.0,98613.9375,0.56109619140625,337.9443359375,804,214
22.935357570648193,-1.9,7.5,-6.2,-12,12,3,-49,-10,3,0.7,0.9,98613.96875,0.5635910034179688,337.94140625,822,226
22.97932720184326,-1.5,7.6,-5.9,-22,6,8,-50,-9,3,1.1,6.0,98614.046875,0.5635910034179688,337.93359375,9999,222
23.023250818252563,-1.5,7.4,-5.8,-18,7,3,-51,-9,3,1.1,4.0,98614.046875,0.5635910034179688,337.93359375,9999,235
23.067175149917603,-1.6,7.8,-5.6,-22,2,10,-52,-8,3,0.6,5.0,98613.890625,0.5725936889648438,337.947265625,865,228
23.110984802246094,-1.2,8.0,-5.3,-23,0,5,-53,-8,3,-0.3,7.6,98613.890625,0.5725936889648438,337.947265625,869,241
23.154565811157227,-1.4,7.8,-5.6,-21,-10,3,-54,-8,4,-0.1,8.1,98613.9375,0.575592041015625,337.9443359375,9999,255
23.198724508285522,-1.1,8.2,-5.2,-21,-7,6,-55,-9,4,-3.0,7.4,98613.9375,0.575592041015625,337.9443359375,9999,285
23.242435932159424,-1.4,8.1,-5.1,-18,-4,0,-56,-9,4,0.0,6.5,98614.125,0.586090087890625,337.927734375,9999,259
23.28638219833374,-1.1,8.3,-5.2,-20,-12,-7,-57,-9,5,-3.0,6.5,98613.65625,0.586090087890625,337.966796875,9999,287
23.329894304275513,-1.6,8.4,-4.6,-19,-17,-4,-57,-9,5,-6.5,7.6,98613.8203125,0.5955886840820312,337.9541015625,9999,336
23.37379240989685,-1.5,8.3,-4.8,-16,3,-1,-58,-10,5,0.1,5.5,98613.8203125,0.5955886840820312,337.9541015625,9999,378
23.417529582977295,-1.5,8.6,-4.8,-19,1,-1,-59,-9,5,0.5,6.7,98613.8203125,0.5955886840820312,337.9541015625,9999,368
23.461644887924194,-1.8,8.3,-4.5,-28,1,-4,-60,-9,5,0.1,7.4,98613.609375,0.5970840454101562,337.97265625,846,374
23.505635976791382,-1.7,8.6,-3.9,-25,-8,-8,-61,-9,5,-0.8,9.3,98613.53125,0.5970840454101562,337.978515625,853,401
23.54960060119629,-1.7,8.7,-4.0,-26,-8,-9,-62,-10,5,-2.9,9.3,98613.7421875,0.6095809936523438,337.9599609375,802,479
23.593612909317017,-1.6,8.7,-4.1,-32,-13,-3,-63,-10,6,-2.6,9.9,98613.7421875,0.6095809936523438,337.9599609375,811,551
23.63757824897766,-1.9,8.8,-3.5,-24,-5,-3,-65,-11,6,-1.4,9.1,98613.359375,0.6095809936523438,337.9921875,831,640
23.68147850036621,-2.0,8.9,-3.5,-24,0,0,-66,-11,6,0.0,8.3,98613.484375,0.6165847778320312,337.9814453125,829,712
23.725557804107666,-2.1,8.8,-3.5,-20,-5,2,-66,-11,6,-0.4,7.1,98613.171875,0.6165847778320312,338.009765625,801,744
23.76953101158142,-1.9,9.0,-3.1,-13,-1,3,-67,-11,6,-0.1,6.0,98613.1640625,0.6160812377929688,338.0107421875,722,782
23.81361222267151,-2.0,9.1,-3.2,-11,1,5,-67,-11,6,1.9,4.3,98612.9375,0.6160812377929688,338.029296875,9999,824
23.857370376586914,-1.8,9.1,-3.1,-10,-5,3,-68,-11,7,-1.1,3.3,98613.0234375,0.62158203125,338.021484375,9999,823
23.90140390396118,-1.8,9.2,-2.9,-8,-3,2,-68,-11,7,-0.6,1.7,98612.640625,0.62158203125,338.0546875,9999,839
23.945158004760742,-1.8,9.0,-2.7,-8,-3,1,-69,-11,7,-0.6,1.9,98612.640625,0.62158203125,338.0546875,9999,880
23.98912787437439,-1.8,9.2,-2.9,-7,0,2,-69,-11,7,-1.0,1.8,98612.8984375,0.6365814208984375,338.033203125,9999,874
24.032794713974,-1.8,9.2,-2.9,-7,0,2,-69,-11,7,-0.4,3.0,98612.3515625,0.6365814208984375,338.0791015625,9999,878
24.076622486114502,-1.8,9.3,-2.6,-14,-2,1,-70,-11,7,0.3,5.0,98612.5546875,0.6485824584960938,338.0615234375,9999,893
24.120502710342407,-1.7,9.3,-2.5,-14,1,5,-71,-11,7,0.6,5.5,98612.4765625,0.6485824584960938,338.0703125,9999,918
24.164258241653442,-1.7,9.2,-2.6,-12,-2,5,-71,-11,7,-1.0,2.9,98612.4765625,0.6485824584960938,338.0703125,9999,966
24.208065032958984,-1.6,9.3,-2.1,-12,-1,4,-72,-11,8,-0.9,3.6,98612.515625,0.6510772705078125,338.06640625,9999,974
24.252063751220703,-1.8,9.3,-2.4,-12,-2,3,-72,-10,8,-0.7,3.3,98612.28125,0.6510772705078125,338.0859375,9999,955
24.295873880386353,-1.5,9.3,-2.1,-9,0,0,-73,-10,8,0.0,4.4,98612.4921875,0.6630706787109375,338.0673828125,9999,983
24.33993363380432,-1.7,9.4,-2.1,-7,-2,-1,-73,-10,8,-0.8,1.7,98612.03125,0.6630706787109375,338.107421875,9999,998
24.383675575256348,-1.6,9.4,-2.1,-1,0,-4,-73,-10,8,-1.9,0.8,98612.1328125,0.6690750122070312,338.09765625,9999,1013
24.427666187286377,-1.7,9.4,-2.1,-2,-5,-3,-73,-10,8,-1.3,0.9,98612.1328125,0.6690750122070312,338.09765625,9999,965
24.471566677093506,-1.7,9.5,-2.0,-1,2,1,-73,-10,8,-0.2,0.5,98612.265625,0.6815719604492188,338.087890625,9999,1012
24.51547360420227,-1.7,9.4,-1.9,-7,-1,1,-73,-10,8,-1.0,1.7,98612.265625,0.6815719604492188,338.087890625,9999,1009
24.560055017471313,-1.6,9.6,-1.9,-12,-5,1,-74,-10,8,-1.0,3.2,98611.8046875,0.6815719604492188,338.126953125,9999,1010
24.560055017471313,-1.8,9.5,-1.8,-14,2,2,-74,-10,8,0.0,5.5,98611.8515625,0.6845703125,338.123046875,9999,1010
24.646971702575684,-1.5,9.5,-1.5,-17,-9,2,-75,-10,8,-0.5,6.5,98611.546875,0.6845703125,338.1484375,9999,1052
24.690776586532593,-1.8,9.3,-1.3,-25,-1,1,-76,-10,9,0.1,7.6,98611.5546875,0.6850738525390625,338.1484375,9999,1080
24.734359741210938,-1.5,9.3,-1.3,-29,-2,0,-77,-10,9,-2.4,8.8,98611.5546875,0.6850738525390625,338.1484375,9999,1086
24.778393745422363,-1.6,9.5,-1.3,-18,-5,-3,-78,-10,9,0.0,7.4,98611.3203125,0.6850738525390625,338.16796875,9999,1110
24.822192668914795,-1.6,9.5,-1.1,-9,-3,-3,-78,-10,9,0.6,4.9,98611.4140625,0.6905670166015625,338.16015625,9999,1112
24.866185665130615,-1.8,9.6,-0.7,-6,-2,-1,-78,-10,9,-1.6,0.8,98610.953125,0.6905670166015625,338.19921875,9999,1134
24.909952402114868,-1.8,9.7,-1.2,-1,0,0,-78,-10,9,-0.6,0.5,98611.09375,0.699066162109375,338.1875,9999,1152
24.953846216201782,-1.6,9.4,-0.7,3,-4,2,-78,-10,9,-1.7,-0.0,98610.9375,0.699066162109375,338.201171875,9999,1154
24.99773406982422,-1.9,9.7,-1.1,11,0,4,-78,-10,9,-2.0,-4.2,98610.9375,0.699066162109375,338.201171875,9999,1117
25.041672945022583,-1.7,9.5,-1.0,15,0,1,-77,-10,9,1.2,-3.1,98610.9375,0.7125701904296875,338.201171875,9999,1138
25.085566759109497,-1.7,9.5,-1.2,19,-3,0,-76,-10,9,-1.6,-6.8,98610.9375,0.7125701904296875,338.201171875,9999,1102
25.129618883132935,-1.7,9.4,-1.6,27,2,4,-75,-10,9,0.4,-7.3,98611.0625,0.720062255859375,338.189453125,9999,1106
25.173705339431763,-1.7,9.5,-1.7,34,1,10,-74,-10,9,0.9,-8.7,98610.75,0.720062255859375,338.2177734375,9999,1066
25.21767520904541,-1.5,9.4,-2.0,42,4,13,-73,-10,9,0.9,-8.7,98610.8046875,0.7230606079101562,338.2109375,9999,1046
25.21767520904541,-1.4,9.2,-2.3,48,9,14,-71,-9,9,0.3,-13.5,98610.1875,0.7230606079101562,338.265625,9999,1046
25.305514097213745,-1.2,9.4,-2.5,42,5,13,-69,-8,9,0.8,-13.6,98610.1875,0.7230606079101562,338.265625,9999,941
25.349298000335693,-1.1,9.2,-2.7,38,8,10,-68,-8,9,1.1,-12.5,98610.453125,0.738555908203125,338.2431640625,9999,878
25.392991065979004,-1.0,9.1,-3.2,34,9,8,-67,-7,9,1.8,-9.5,98610.453125,0.738555908203125,338.2431640625,9999,846
25.436786890029907,-1.0,9.0,-3.3,37,4,6,-66,-7,9,0.6,-11.6,98610.6015625,0.74755859375,338.23046875,9999,825
25.480703115463257,-0.8,8.9,-3.8,43,9,8,-64,-6,8,0.6,-11.6,98610.3671875,0.74755859375,338.25,9999,717
25.524580717086792,-0.8,8.7,-4.0,50,9,7,-63,-6,8,2.4,-15.9,98610.4375,0.751556396484375,338.244140625,9999,630
25.568501710891724,-0.6,8.4,-4.3,61,17,4,-60,-5,8,5.0,-19.8,98610.4375,0.751556396484375,338.244140625,9999,548
25.612538814544678,-0.6,8.4,-5.0,68,17,1,-58,-4,7,7.3,-22.2,98610.4921875,0.7590560913085938,338.2392578125,9999,390
25.65648651123047,-0.9,8.1,-5.5,72,6,-5,-55,-3,7,3.1,-25.1,98610.4921875,0.7590560913085938,338.2392578125,9999,336
25.700188159942627,-0.6,7.9,-5.5,61,-2,-11,-52,-4,6,0.0,-21.4,98610.2578125,0.7590560913085938,338.259765625,9999,281
25.744101762771606,-0.5,7.4,-6.2,58,24,-13,-49,-3,6,7.2,-21.8,98610.375,0.76605224609375,338.2490234375,9999,233
25.787768840789795,-0.9,7.3,-6.6,51,17,-9,-47,-2,5,7.6,-18.2,98609.9921875,0.76605224609375,338.28125,9999,208
25.83177924156189,-0.9,7.3,-6.6,51,17,-9,-47,-2,5,4.7,-9.5,98610.1015625,0.772552490234375,338.2734375,9999,212
25.87560749053955,-0.3,6.6,-7.2,59,40,9,-42,-1,3,8.8,-21.8,98610.1015625,0.772552490234375,338.2734375,9999,204
25.91951560974121,-0.7,6.3,-7.4,58,43,11,-40,0,2,14.8,-20.2,98609.9453125,0.772552490234375,338.287109375,9999,192
25.963598251342773,-0.1,6.0,-7.7,52,29,10,-37,1,2,10.0,-20.9,98610.1640625,0.785552978515625,338.267578125,9999,183
26.007559537887573,0.2,5.7,-7.8,54,30,12,-35,2,1,7.9,-5.7,98610.0859375,0.785552978515625,338.2734375,9999,177
26.05160903930664,0.3,5.4,-8.2,49,23,11,-33,3,1,8.0,-21.1,98610.1171875,0.78704833984375,338.2705078125,9999,168
26.0953471660614,0.7,5.0,-8.0,45,8,11,-31,4,1,0.8,-15.4,98609.7265625,0.78704833984375,338.3046875,9999,163
26.13921880722046,0.7,4.7,-8.5,48,14,13,-29,4,1,1.4,-15.0,98609.7265625,0.78704833984375,338.3046875,9999,159
26.18313431739807,0.8,4.2,-8.4,52,10,10,-27,4,2,1.7,-16.5,98609.828125,0.7930526733398438,338.296875,9999,157
26.22696828842163,1.2,3.9,-8.8,63,33,16,-24,5,2,8.7,-20.8,98609.6015625,0.7930526733398438,338.3154296875,9999,155
26.27091336250305,1.1,3.4,-9.0,70,34,15,-21,7,2,9.7,-22.7,98609.765625,0.8030471801757812,338.302734375,9999,155
26.314725160598755,1.5,3.1,-9.1,70,25,18,-18,9,2,8.2,-27.6,98609.453125,0.8030471801757812,338.328125,9999,152
26.358672618865967,1.8,2.6,-9.1,64,30,15,-15,10,2,7.6,-21.4,98609.5625,0.8095474243164062,338.3193359375,9999,164
26.358672618865967,1.9,2.1,-9.1,58,17,13,-12,11,3,7.6,-12.7,98609.5625,0.8095474243164062,338.3193359375,9999,164
26.447341203689575,1.8,1.9,-9.3,49,-10,9,-10,11,3,-0.1,29.0,98609.640625,0.81854248046875,338.3115234375,9999,161
26.49060606956482,1.9,1.1,-9.7,49,-11,8,-7,11,4,-0.2,-68.4,98609.640625,0.81854248046875,338.3115234375,9999,158
26.534579038619995,1.5,0.9,-9.4,51,-30,10,-5,10,4,-15.3,32.2,98609.4140625,0.81854248046875,338.33203125,9999,150
26.57864236831665,1.6,0.6,-9.4,42,-51,12,-3,8,5,-22.8,48.6,98609.484375,0.8230438232421875,338.3251953125,9999,146
26.622389793395996,1.7,0.0,-10.1,38,-30,12,-1,6,6,-29.9,81.1,98609.171875,0.8230438232421875,338.353515625,9999,136
26.66634774208069,1.1,0.0,-9.2,44,8,5,0,6,6,-15.0,95.8,98609.3359375,0.8325424194335938,338.337890625,9999,133
26.71019411087036,0.7,-0.2,-10.1,30,-23,7,2,6,6,0.2,-0.0,98609.3359375,0.8325424194335938,338.337890625,9999,132
26.7541081905365,1.0,-0.6,-9.7,30,-5,5,3,5,6,0.2,-0.0,98609.1875,0.8325424194335938,338.3505859375,9999,130
26.797887802124023,0.8,-1.1,-9.7,28,-6,13,4,5,7,-0.1,-45.3,98609.265625,0.8375473022460938,338.3447265625,9999,136
26.8418710231781,0.5,-1.0,-9.3,26,-23,18,6,4,7,-0.1,-114.0,98609.109375,0.8375473022460938,338.359375,9999,135
26.885688543319702,0.6,-1.2,-9.6,17,-59,20,7,2,8,-22.6,-9.7,98609.3203125,0.8495407104492188,338.33984375,9999,135
26.929627656936646,0.2,-1.6,-10.0,25,-30,20,8,0,9,-15.7,-13.2,98608.78125,0.8495407104492188,338.384765625,9999,130
26.973651885986328,-0.1,-1.5,-9.4,23,-31,20,9,0,9,-14.1,-13.0,98608.78125,0.8495407104492188,338.384765625,9999,136
27.017393112182617,-0.2,-1.7,-9.8,15,-29,19,10,-2,10,-14.1,-13.0,98608.671875,0.8525390625,338.3955078125,9999,139
27.06119418144226,-0.1,-1.8,-9.6,11,-6,18,10,-3,11,-9.9,-4.2,98608.671875,0.8525390625,338.3955078125,9999,141
27.105093479156494,-0.9,-1.6,-9.6,7,-9,26,11,-3,12,-2.9,-6.5,98608.8125,0.86053466796875,338.384765625,9999,144
27.14895272254944,-0.9,-1.7,-9.3,6,-36,30,11,-4,13,-15.2,0.7,98608.8125,0.86053466796875,338.384765625,9999,145
27.192886114120483,-1.2,-2.0,-9.5,6,-40,32,11,-6,14,-14.2,-2.3,98608.8125,0.86053466796875,338.384765625,9999,151
27.23637890815735,-1.6,-1.8,-9.3,6,-60,39,11,-8,15,-21.1,-0.9,98608.4453125,0.8665313720703125,338.4140625,9999,157
27.280479192733765,-1.8,-2.0,-9.5,3,-34,33,11,-11,16,-19.5,-0.7,98608.4453125,0.8665313720703125,338.4140625,9999,181
27.324225425720215,-2.4,-1.8,-9.4,-7,-49,31,11,-12,17,-16.4,3.6,98608.515625,0.8705368041992188,338.41015625,9999,189
27.36781144142151,-2.7,-1.7,-9.1,-19,-69,36,10,-15,18,-23.2,6.4,98608.671875,0.8705368041992188,338.3955078125,571,209
27.411691665649414,-3.1,-1.6,-9.2,-15,-45,38,9,-18,19,-19.7,8.5,98608.7890625,0.877532958984375,338.3857421875,491,268
27.45567011833191,-3.8,-1.3,-9.5,-16,-40,38,8,-20,21,-14.1,7.4,98608.5625,0.877532958984375,338.404296875,396,305
27.499650716781616,-3.9,-1.0,-8.4,-20,-60,39,7,-23,22,-17.6,8.8,98608.671875,0.884033203125,338.3955078125,311,342
27.543808460235596,-4.1,-1.0,-9.2,-11,-14,40,6,-25,24,-0.8,-0.5,98608.671875,0.884033203125,338.3955078125,274,377
27.58754825592041,-4.7,-0.5,-9.3,-26,-35,34,5,-26,26,-0.8,-0.5,98608.6484375,0.89202880859375,338.3974609375,266,399
27.631444692611694,-4.9,-0.1,-8.5,-39,-54,28,3,-28,27,-0.8,-0.5,98608.6484375,0.89202880859375,338.3974609375,226,406
27.675305366516113,-4.9,0.0,-8.9,-39,-47,21,1,-30,29,-0.8,-0.5,98608.4921875,0.89202880859375,338.4111328125,207,411
27.71922278404236,-5.3,0.4,-8.4,-36,-27,18,0,-32,30,-0.8,-0.5,98608.6171875,0.8995285034179688,338.400390625,207,414
27.763103008270264,-5.9,0.9,-8.2,-52,-61,19,-3,-34,31,0.2,-4.8,98608.6171875,0.8995285034179688,338.400390625,186,414
27.806997776031494,-5.5,1.1,-7.4,-49,-34,27,-5,-36,33,0.2,-4.8,98608.4609375,0.903533935546875,338.4140625,185,421
27.8505916595459,-6.2,1.5,-8.1,-49,-35,24,-8,-38,34,-0.1,-68.4,98608.4609375,0.903533935546875,338.4140625,173,438
27.894300937652588,-6.3,2.0,-7.5,-63,-47,26,-10,-39,36,-0.1,-68.4,98608.0703125,0.903533935546875,338.447265625,178,445
27.93807291984558,-6.5,2.3,-6.8,-68,-50,14,-14,-42,38,-1.6,3.6,98608.1015625,0.9055328369140625,338.4453125,148,448
27.982142448425293,-6.9,2.7,-6.9,-72,-52,15,-17,-44,40,-1.6,3.6,98607.8671875,0.9055328369140625,338.46484375,160,439
28.025863885879517,-6.9,3.3,-6.1,-66,-48,14,-20,-45,42,-19.3,22.4,98607.96875,0.9110260009765625,338.455078125,162,408
28.069733381271362,-7.0,3.9,-5.5,-69,-45,9,-23,-47,44,-19.3,22.4,98607.5859375,0.9110260009765625,338.48828125,143,391
28.11368751525879,-7.3,4.4,-5.3,-73,-43,8,-26,-49,46,-20.9,27.8,98607.5859375,0.9110260009765625,338.48828125,143,374
28.157557249069214,-7.5,4.6,-5.3,-73,-35,13,-29,-50,48,-9.8,24.2,98607.7265625,0.9200286865234375,338.4765625,141,319
28.201477527618408,-7.4,4.3,-4.2,-70,-25,3,-31,-51,50,-12.7,26.5,98607.578125,0.9200286865234375,338.48828125,144,315
28.24562406539917,-7.4,4.3,-4.2,-70,-25,3,-31,-51,50,-8.3,19.6,98607.578125,0.9200286865234375,338.48828125,144,312
28.289738178253174,-6.6,4.7,-5.0,-46,9,0,-35,-53,53,-11.1,17.7,98607.5,0.9200286865234375,338.4951171875,144,318
28.333722352981567,-7.8,4.6,-3.0,-24,20,-9,-35,-51,51,6.3,10.8,98607.5,0.9200286865234375,338.4951171875,143,321
28.377613306045532,-8.0,5.7,-3.6,-41,-15,-7,-36,-50,50,1.1,7.3,98607.75,0.935028076171875,338.474609375,148,320
28.421616554260254,-7.8,5.2,-3.4,-46,-8,-9,-37,-51,51,-7.9,17.3,98607.75,0.935028076171875,338.474609375,142,325
28.465385913848877,-7.9,5.2,-2.7,-44,-29,-12,-38,-52,52,-7.9,15.1,98608.0546875,0.9525222778320312,338.4482421875,144,332
28.509299993515015,-7.4,5.3,-3.2,-52,3,-31,-38,-52,52,-5.2,13.9,98607.8203125,0.9525222778320312,338.46875,136,342
28.553154945373535,-8.9,4.9,-2.6,-65,-35,-37,-39,-53,52,-7.8,12.5,98607.921875,0.9585189819335938,338.4609375,138,340
28.596946954727173,-8.0,4.8,-1.8,-46,-3,-48,-39,-55,52,-12.7,15.9,98607.84375,0.9585189819335938,338.466796875,132,349
28.64091467857361,-8.4,5.7,-3.5,-23,1,-57,-39,-55,50,0.1,12.4,98607.8203125,0.9570159912109375,338.46875,133,356
28.685057401657104,-9.6,4.0,-1.1,-30,32,-67,-38,-55,46,8.4,8.4,98607.8203125,0.9570159912109375,338.46875,136,357
28.728639602661133,-9.3,5.4,-1.0,-81,-79,-62,-37,-57,46,-16.1,22.4,98607.671875,0.9570159912109375,338.48046875,131,362
28.772713899612427,-8.8,4.1,-1.2,-92,-80,-56,-38,-62,53,-31.1,31.4,98607.828125,0.9660186767578125,338.466796875,135,381
28.816652536392212,-9.8,3.5,0.0,-92,-76,-57,-38,-66,60,-31.1,31.4,98607.515625,0.9660186767578125,338.494140625,127,411
28.816652536392212,-9.7,2.9,1.1,-102,-109,-54,-38,-71,75,-32.7,30.9,98607.625,0.9725189208984375,338.486328125,127,411
28.9046790599823,-9.5,2.5,1.6,-88,-95,-45,-37,-76,92,-31.6,29.0,98607.625,0.9725189208984375,338.486328125,170,662
28.94858431816101,-9.0,1.7,2.3,-75,-62,-37,-35,-78,104,-22.2,24.4,98607.3203125,0.9725189208984375,338.509765625,188,835
28.99259901046753,-9.4,1.7,2.8,-38,-16,-35,-32,-78,111,-7.9,14.7,98607.46875,0.9815139770507812,338.498046875,227,872
29.03663945198059,-9.9,1.4,3.1,-32,-26,-37,-29,-77,116,-6.2,9.0,98607.5390625,0.9815139770507812,338.4931640625,238,888
29.080602645874023,-9.8,1.1,3.1,-27,-49,-38,-26,-77,122,-15.0,8.8,98607.703125,0.9910125732421875,338.478515625,254,941
29.124581336975098,-9.2,0.8,3.4,-20,-40,-45,-22,-77,128,-15.2,7.6,98607.3203125,0.9910125732421875,338.509765625,258,956
29.16862964630127,-9.5,0.3,3.9,-27,-52,-56,-19,-77,133,-16.5,7.1,98607.3203125,0.9910125732421875,338.509765625,269,985
29.212573289871216,-9.2,-0.4,5.6,-34,-63,-62,-16,-77,140,-21.4,10.4,98607.3828125,0.99951171875,338.5068359375,278,1066
29.255704164505005,-7.5,-1.6,4.0,-20,19,-53,-13,-75,145,-7.6,3.9,98607.3828125,0.99951171875,338.5068359375,280,1077
29.299774408340454,-10.2,-0.4,5.1,-13,-65,-48,-10,-73,149,-8.1,5.0,98607.375,0.9990158081054688,338.505859375,280,1109
29.343026399612427,-8.2,-0.9,5.3,-23,-121,-53,-7,-74,151,21.6,5.1,98607.4609375,0.9990158081054688,338.498046875,280,1140
29.386950969696045,-7.5,-2.1,6.3,-32,-73,-54,-5,-74,152,-25.8,8.2,98607.609375,1.0080108642578125,338.486328125,276,1324
29.430965423583984,-7.5,-1.9,5.7,-20,-20,-48,-2,-70,155,-7.3,6.5,98607.609375,1.0080108642578125,338.486328125,278,1406
29.474895000457764,-7.6,-2.6,6.1,-36,-58,-42,0,-67,156,-16.5,13.6,98607.4609375,1.0080108642578125,338.498046875,282,1431
29.518609523773193,-7.2,-2.9,6.9,-48,-83,-38,1,-66,157,-24.2,16.4,98607.578125,1.0150070190429688,338.48828125,279,1609
29.562628269195557,-6.1,-3.6,6.9,-57,-67,-30,3,-64,156,-24.8,18.5,98607.0390625,1.0150070190429688,338.53515625,276,1645
29.606852769851685,-6.2,-4.1,6.9,-53,-36,-33,4,-61,156,-10.0,16.5,98607.046875,1.0160064697265625,338.5341796875,275,1701
29.650649309158325,-6.2,-4.5,6.8,-42,-38,-41,7,-57,157,-9.5,14.8,98606.578125,1.0160064697265625,338.576171875,272,1698
29.694610595703125,-5.2,-4.7,7.0,-39,-42,-52,9,-54,158,-14.4,13.2,98606.7578125,1.0265121459960938,338.560546875,271,1706
29.73862051963806,-5.2,-4.9,6.7,-35,-43,-62,12,-51,159,-15.3,13.4,98606.7578125,1.0265121459960938,338.560546875,273,1682
29.782659769058228,-4.6,-5.6,6.8,-25,-35,-80,15,-48,161,-8.7,7.5,98606.734375,1.0340042114257812,338.5625,276,1703
29.826700925827026,-4.0,-5.9,6.6,-17,-48,-92,18,-45,163,-13.7,6.6,98606.734375,1.0340042114257812,338.5625,280,1698
29.870585680007935,-3.2,-6.1,6.6,-26,-47,-83,21,-42,164,-16.2,7.5,98606.734375,1.0340042114257812,338.5625,282,1744
29.9150390625,-2.6,-6.9,6.8,-12,-17,-81,24,-38,166,-16.2,7.5,98606.84375,1.0405044555664062,338.55078125,293,1694
29.958621501922607,-2.0,-6.9,7.2,-4,19,-86,28,-33,169,39.0,-15.6,98606.453125,1.0405044555664062,338.5849609375,298,1743
30.003328800201416,-2.1,-7.0,6.6,4,45,-86,31,-27,173,3.1,0.6,98606.6484375,1.052001953125,338.568359375,299,1763
30.046640396118164,-2.1,-7.0,6.6,4,45,-86,31,-27,173,3.1,0.6,98606.6484375,1.052001953125,338.568359375,311,1690
30.046640396118164,-0.5,-7.3,6.3,-47,-64,-66,35,-22,176,-20.6,14.5,98606.6484375,1.052001953125,338.568359375,311,1690
30.134716510772705,-0.2,-7.2,6.7,-45,-88,-63,36,-21,176,0.7,8.2,98606.75,1.0580062866210938,338.5595703125,345,1611
30.178601264953613,0.3,-7.9,5.8,-54,-119,-59,37,-21,173,0.7,8.2,98606.671875,1.0580062866210938,338.5673828125,377,1619
30.222848653793335,1.1,-7.9,5.2,-49,-107,-62,38,-20,171,-17.8,15.1,98606.859375,1.069000244140625,338.55078125,356,1559
30.26661777496338,2.4,-8.0,5.4,-35,-68,-58,39,-17,169,-18.3,6.4,98606.9375,1.069000244140625,338.544921875,340,1553
30.310601949691772,2.7,-7.9,5.2,-36,-92,-59,41,-14,168,-29.5,14.4,98606.9375,1.069000244140625,338.544921875,329,1591
30.354246377944946,3.2,-8.0,3.9,-40,-119,-61,42,-11,164,-38.5,14.6,98606.96875,1.07550048828125,338.5419921875,337,1568
30.398090839385986,4.1,-8.3,4.0,-21,-68,-50,43,-8,162,-25.0,5.7,98606.96875,1.07550048828125,338.5419921875,350,1530
30.442039251327515,4.3,-7.7,3.3,-23,-109,-57,44,-4,159,-23.7,5.8,98607.078125,1.0819931030273438,338.53125,384,9999
30.48573112487793,5.5,-8.0,3.0,-17,-97,-58,45,-1,155,-33.9,7.0,98607.0,1.0819931030273438,338.5390625,462,9999
30.529552221298218,5.6,-7.2,2.0,-15,-54,-48,45,2,152,-17.9,5.5,98607.0390625,1.0844955444335938,338.53515625,715,1711
30.573608875274658,5.5,-6.8,2.2,-29,-113,-65,45,6,148,-29.8,6.2,98606.9609375,1.0844955444335938,338.541015625,943,9999
30.573608875274658,6.8,-7.1,0.0,-61,-151,-67,43,8,141,-47.0,17.2,98607.09375,1.0919952392578125,338.53125,943,9999
30.661444187164307,6.4,-4.8,-1.1,-116,-219,-74,40,8,130,-52.4,23.5,98607.09375,1.0919952392578125,338.53125,1616,9999
30.70523953437805,5.5,-6.5,-2.8,-147,-97,43,35,8,117,-42.3,47.4,98607.2421875,1.0919952392578125,338.5185546875,1744,9999
30.74910020828247,9.8,-10.5,2.1,-42,138,6,32,17,121,22.8,6.2,98607.34375,1.0974960327148438,338.5087890625,1736,341
30.79297709465027,5.8,-4.2,-1.1,8,44,-66,34,28,129,48.4,7.1,98607.265625,1.0974960327148438,338.5166015625,1679,404
30.83690309524536,8.2,-6.0,-0.9,-10,-16,-32,34,32,126,1.1,0.8,98607.3671875,1.1034927368164062,338.5078125,1678,400
30.88163733482361,7.0,-7.2,-1.0,45,21,-29,35,37,128,9.2,-1.0,98607.3671875,1.1034927368164062,338.5078125,1652,402
30.924729108810425,6.5,-4.5,-2.4,-22,-96,-42,34,39,123,-31.0,3.3,98607.1328125,1.1034927368164062,338.52734375,1663,395
30.968621492385864,8.7,-5.1,-1.9,-1,-30,-34,33,39,117,-15.9,5.0,98607.2734375,1.1119918823242188,338.515625,1696,348
